CountyCityName,TownshipName,VillageName,PollStationNo,DistrictName,DrawNo,VoteCounts,VoteRate,CandidateName,EndorsementPartyName,Gender,IsIncumbent,Elected
臺北縣,,,0,0,1,123448,8.09,楊泰順,新黨,1,N,T
臺北縣,,,0,0,2,44038,2.88,苗素芳,中國國民黨,2,Y,
臺北縣,,,0,0,3,12333,0.81,邵松雄,無,1,N,
臺北縣,,,0,0,4,2795,0.18,董尚中,無,1,N,
臺北縣,,,0,0,5,91420,5.99,陳照郎,中國國民黨,1,N,T
臺北縣,,,0,0,6,78529,5.14,周鍚瑋,中國國民黨,1,N,T
臺北縣,,,0,0,7,4040,0.26,陳丁茂,無,1,N,
臺北縣,,,0,0,8,104669,6.86,劉炳偉,中國國民黨,1,Y,T
臺北縣,,,0,0,9,139741,9.15,周慧瑛,民主進步黨,2,Y,T
臺北縣,,,0,0,10,7956,0.52,石瓊文,無,1,N,
臺北縣,,,0,0,11,76991,5.04,簡盛義,中國國民黨,1,Y,T
臺北縣,,,0,0,12,23875,1.56,游麗珠,新黨,2,N,
臺北縣,,,0,0,13,90018,5.90,林鍚耀,民主進步黨,1,N,T
臺北縣,,,0,0,14,131712,8.63,王兆釧,民主進步黨,1,N,T
臺北縣,,,0,0,15,51261,3.36,張金策,民主進步黨,1,N,
臺北縣,,,0,0,16,115359,7.56,宋艾克,新黨,1,N,T
臺北縣,,,0,0,17,124792,8.17,羅明旭,中國國民黨,1,N,T
臺北縣,,,0,0,18,48674,3.19,林建榮,中國國民黨,1,N,
臺北縣,,,0,0,19,58019,3.80,劉一德,民主進步黨,1,N,
臺北縣,,,0,0,20,97369,6.38,張清芳,民主進步黨,1,N,T
臺北縣,,,0,0,21,11789,0.77,蕭正用,無,1,N,
臺北縣,,,0,0,22,87816,5.75,江上清,中國國民黨,1,Y,T
宜蘭縣,,,0,0,1,20707,8.91,陳國賢,中國國民黨,1,N,
宜蘭縣,,,0,0,2,116511,50.14,劉守成,民主進步黨,1,Y,T
宜蘭縣,,,0,0,3,90120,38.79,盧逸峰,中國國民黨,1,Y,T
宜蘭縣,,,0,0,4,5012,2.16,廖繼斌,無,1,N,
桃園縣,,,0,0,1,9054,1.29,呂學琳,無,1,N,
桃園縣,,,0,0,2,70640,10.05,彭添富,民主進步黨,1,Y,T
桃園縣,,,0,0,3,46246,6.58,林熺模,民主進步黨,1,N,
桃園縣,,,0,0,4,55965,7.97,藍照慶,無,1,N,
桃園縣,,,0,0,5,71961,10.24,鄭金鈴,中國國民黨,2,N,T
桃園縣,,,0,0,6,70769,10.07,黃木添,無,1,Y,T
桃園縣,,,0,0,7,55559,7.91,吳振寰,中國國民黨,1,N,
桃園縣,,,0,0,8,48112,6.85,許林翠粉,民主進步黨,2,N,
桃園縣,,,0,0,9,75711,10.78,呂進芳,中國國民黨,1,Y,T
桃園縣,,,0,0,10,70231,10.00,邱創良,中國國民黨,1,Y,T
桃園縣,,,0,0,11,64803,9.22,陳進祥,中國國民黨,1,Y,T
桃園縣,,,0,0,12,1452,0.21,郭義輝,無,1,N,
桃園縣,,,0,0,13,58618,8.34,許應舉,民主進步黨,1,N,
桃園縣,,,0,0,14,3436,0.49,姜水浪,無,1,N,
新竹縣,,,0,0,1,1409,0.72,李庭堦,無,1,N,
新竹縣,,,0,0,2,2344,1.19,萬榮河,無,1,N,
新竹縣,,,0,0,3,57239,29.16,張學舜,民主進步黨,1,N,T
新竹縣,,,0,0,4,45042,22.95,吳俊岸,中國國民黨,1,N,
新竹縣,,,0,0,5,90230,45.97,邱鏡淳,中國國民黨,1,N,T
苗栗縣,,,0,0,1,33544,11.77,傅文政,民主進步黨,1,Y,
苗栗縣,,,0,0,2,21433,7.52,李森永,無,1,N,
苗栗縣,,,0,0,3,3630,1.27,顏培元,無,1,N,
苗栗縣,,,0,0,4,17786,6.24,陳秀龍,無,1,N,
苗栗縣,,,0,0,5,59423,20.85,傅學鵬,中國國民黨,1,N,T
苗栗縣,,,0,0,6,43599,15.30,林久翔,中國國民黨,1,N,T
苗栗縣,,,0,0,7,13312,4.67,羅幸春,無,1,N,
苗栗縣,,,0,0,8,1785,0.63,葉武生,無,1,N,
苗栗縣,,,0,0,9,20530,7.20,杜文卿,民主進步黨,1,N,
苗栗縣,,,0,0,10,69992,24.56,陳超明,中國國民黨,1,N,T
臺中縣,,,0,0,1,111747,16.69,楊文欣,中國國民黨,1,Y,T
臺中縣,,,0,0,2,64735,9.67,楊瓊瓔,中國國民黨,2,Y,T
臺中縣,,,0,0,3,104465,15.60,劉銓忠,中國國民黨,1,Y,T
臺中縣,,,0,0,4,72150,10.78,顏清標,無,1,N,T
臺中縣,,,0,0,5,5887,0.88,林淑滿,無,2,N,
臺中縣,,,0,0,6,93564,13.98,郭榮振,中國國民黨,1,Y,T
臺中縣,,,0,0,7,58169,8.69,陳鴻榮,民主進步黨,1,N,
臺中縣,,,0,0,8,15429,2.30,林炳耀,無,1,N,
臺中縣,,,0,0,9,44751,6.68,廖美珍,中國國民黨,2,N,
臺中縣,,,0,0,10,98578,14.72,郭俊銘,民主進步黨,1,N,T
彰化縣,,,0,0,1,88003,13.53,游月霞,中國國民黨,2,Y,T
彰化縣,,,0,0,2,6583,1.01,黃俊雄,無,1,N,
彰化縣,,,0,0,3,101321,15.58,謝章捷,中國國民黨,1,N,T
彰化縣,,,0,0,4,90973,13.99,周清玉,民主進步黨,1,N,T
彰化縣,,,0,0,5,8661,1.33,曾嘉香,無,2,N,
彰化縣,,,0,0,6,86426,13.29,謝言信,中國國民黨,1,Y,T
彰化縣,,,0,0,7,82565,12.70,林進春,中國國民黨,1,Y,T
彰化縣,,,0,0,8,5408,0.83,余勝津,無,1,N,
彰化縣,,,0,0,9,54000,8.31,陳忠孝,民主進步黨,1,N,
彰化縣,,,0,0,10,77562,11.93,陳振雄,中國國民黨,1,Y,T
彰化縣,,,0,0,11,48693,7.49,洪木村,無,1,Y,
南投縣,,,0,0,1,55242,20.84,余武龍,中國國民黨,1,N,
南投縣,,,0,0,2,63525,23.96,張明雄,中國國民黨,1,N,T
南投縣,,,0,0,3,58303,21.99,陳啟吉,無,1,N,T
南投縣,,,0,0,4,74835,28.22,林宗男,民主進步黨,1,Y,T
南投縣,,,0,0,5,13235,4.99,鄭光東,無,1,N,
雲林縣,,,0,0,1,1226,0.34,王德顯,無,1,N,
雲林縣,,,0,0,2,77826,21.78,侯惠仙,中國國民黨,2,N,T
雲林縣,,,0,0,3,37849,10.59,許龍俊,民主進步黨,1,N,
雲林縣,,,0,0,4,56366,15.78,蘇治洋,民主進步黨,2,N,T
雲林縣,,,0,0,5,75018,21.00,曾蔡美佐,中國國民黨,2,Y,T
雲林縣,,,0,0,6,95328,26.68,蘇文雄,中國國民黨,1,Y,T
雲林縣,,,0,0,7,13671,3.83,鄭東來,無,1,N,
嘉義縣,,,0,0,1,11596,3.97,許能通,無,1,N,
嘉義縣,,,0,0,2,49566,16.98,侯海熊,無,1,N,
嘉義縣,,,0,0,3,83434,28.59,陳明文,中國國民黨,1,Y,T
嘉義縣,,,0,0,4,73487,25.18,許登宮,無,1,N,T
嘉義縣,,,0,0,5,51819,17.76,黃永聰,民主進步黨,1,N,T
嘉義縣,,,0,0,6,21923,7.51,黃朝揚,中國國民黨,1,N,
臺南縣,,,0,0,1,4299,0.80,胡雅棠,無,1,N,
臺南縣,,,0,0,2,76330,14.29,方醫良,中國國民黨,1,N,T
臺南縣,,,0,0,3,47329,8.86,楊來勇,中國國民黨,1,N,
臺南縣,,,0,0,4,48219,9.03,莊志政,中國國民黨,1,N,
臺南縣,,,0,0,5,73076,13.68,鄭國忠,民主進步黨,1,N,T
臺南縣,,,0,0,6,3516,0.66,陳忠凱,無,1,N,
臺南縣,,,0,0,7,42070,7.88,顏胡秀英,中國國民黨,2,N,
臺南縣,,,0,0,8,104359,19.54,葉宜津,民主進步黨,2,N,T
臺南縣,,,0,0,9,59016,11.05,謝鈞惠,中國國民黨,1,N,T
臺南縣,,,0,0,10,75846,14.20,謝三升,民主進步黨,1,N,T
高雄縣,,,0,0,1,1188,0.20,黃豐生,無,1,N,
高雄縣,,,0,0,2,56578,9.45,許福森,無,1,N,
高雄縣,,,0,0,3,50442,8.42,蕭漢俊,中國國民黨,1,N,
高雄縣,,,0,0,4,31628,5.28,吳陳惠珍,民主進步黨,2,N,
高雄縣,,,0,0,5,58429,9.76,鍾德珍,無,1,Y,
高雄縣,,,0,0,6,66444,11.09,林仙保,中國國民黨,1,Y,T
高雄縣,,,0,0,7,2918,0.49,李天水,無,1,N,
高雄縣,,,0,0,8,88696,14.81,楊秋興,民主進步黨,1,N,T
高雄縣,,,0,0,9,64974,10.85,鍾紹和,中國國民黨,1,N,T
高雄縣,,,0,0,10,46176,7.71,吳陳瓊秋,中國國民黨,2,N,
高雄縣,,,0,0,11,47041,7.85,趙良燕,無,2,N,T
高雄縣,,,0,0,12,84418,14.09,余政道,民主進步黨,1,N,T
屏東縣,,,0,0,1,85841,20.20,林淵熙,中國國民黨,1,N,T
屏東縣,,,0,0,2,87928,20.69,邱茂男,民主進步黨,1,N,T
屏東縣,,,0,0,3,3732,0.88,林素蓮,無,2,N,
屏東縣,,,0,0,4,79220,18.64,黃昌源,中國國民黨,1,N,
屏東縣,,,0,0,5,33585,7.90,容滋浩,無,1,N,
屏東縣,,,0,0,6,32021,7.54,余慎,中國國民黨,2,N,T
屏東縣,,,0,0,7,10606,2.50,鄭錦絨,民主進步黨,1,N,
屏東縣,,,0,0,8,80445,18.93,曹啟鴻,民主進步黨,1,N,T
屏東縣,,,0,0,9,11526,2.71,李景雯,無,1,N,
臺東縣,,,0,0,1,36078,46.88,徐慶元,中國國民黨,1,N,T
臺東縣,,,0,0,2,14069,18.28,陳清泉,民主進步黨,1,N,
臺東縣,,,0,0,3,1920,2.49,張義雄,無,1,N,
臺東縣,,,0,0,4,24887,32.34,劉櫂漳,中國國民黨,1,N,
花蓮縣,,,0,0,1,71404,61.45,張福興,中國國民黨,1,N,T
花蓮縣,,,0,0,2,44798,38.55,陳瑞麟,民主進步黨,1,N,
澎湖縣,,,0,0,1,16896,43.59,許麗音,民主進步黨,2,N,
澎湖縣,,,0,0,2,21864,56.41,許素葉,中國國民黨,2,Y,T
基隆市,,,0,0,1,36757,20.69,程惠卿,民主進步黨,2,N,T
基隆市,,,0,0,2,16567,9.33,李信志,民主進步黨,1,N,
基隆市,,,0,0,3,2295,1.29,何忠輝,無,1,N,
基隆市,,,0,0,4,10896,6.13,李堃南,無,1,N,
基隆市,,,0,0,5,33185,18.68,王翔鐘,中國國民黨,1,N,
基隆市,,,0,0,6,18505,10.42,黃禮恭,新黨,1,N,
基隆市,,,0,0,7,35903,20.21,劉文雄,中國國民黨,1,N,T
基隆市,,,0,0,8,965,0.54,吳寬曉,無,1,N,
基隆市,,,0,0,9,21371,12.03,杜却,中國國民黨,1,N,
基隆市,,,0,0,10,1215,0.68,楊超敏,無,1,N,
新竹市,,,0,0,1,91276,59.50,張蔡美,中國國民黨,2,Y,T
新竹市,,,0,0,2,62131,40.50,黃清霖,民主進步黨,1,N,
臺中市,,,0,0,1,10943,2.82,曾坤炳,民主進步黨,1,N,
臺中市,,,0,0,2,28461,7.35,藍素鈴,新黨,2,N,
臺中市,,,0,0,3,76222,19.67,盧秀燕,中國國民黨,2,N,T
臺中市,,,0,0,4,44507,11.49,賴誠吉,中國國民黨,1,N,T
臺中市,,,0,0,5,51221,13.22,王世勛,民主進步黨,1,N,T
臺中市,,,0,0,6,37162,9.59,張國輝,中國國民黨,1,N,
臺中市,,,0,0,7,72040,18.59,張溫鷹,民主進步黨,2,N,T
臺中市,,,0,0,8,35303,9.11,陳武雄,無,1,N,
臺中市,,,0,0,9,659,0.17,洪獻卿,無,1,N,
臺中市,,,0,0,10,30921,7.98,陳淑方,中國國民黨,2,N,
嘉義市,,,0,0,1,49361,40.57,黃永欽,中國國民黨,1,N,T
嘉義市,,,0,0,2,17856,14.68,吳上明,無,1,N,
嘉義市,,,0,0,3,49346,40.56,蔡鴻章,民主進步黨,1,N,
嘉義市,,,0,0,4,5107,4.20,羅錦義,無,1,N,
臺南市,,,0,0,1,68812,19.82,蔡介雄,民主進步黨,1,N,T
臺南市,,,0,0,2,2351,0.68,陳香蘭,民主進步黨,2,N,
臺南市,,,0,0,3,11108,3.20,陳復輝,無,1,N,
臺南市,,,0,0,4,44509,12.82,吳仲基,中國國民黨,1,N,
臺南市,,,0,0,5,54960,15.83,黃昭凱,民主進步黨,1,N,
臺南市,,,0,0,6,95818,27.60,林南生,無,1,N,T
臺南市,,,0,0,7,69661,20.06,陳榮盛,中國國民黨,1,Y,T
臺北縣,板橋市,,0,0,1,18726,7.48,楊泰順,新黨,1,N,T
臺北縣,板橋市,,0,0,2,4413,1.76,苗素芳,中國國民黨,2,Y,
臺北縣,板橋市,,0,0,3,737,0.29,邵松雄,無,1,N,
臺北縣,板橋市,,0,0,4,415,0.17,董尚中,無,1,N,
臺北縣,板橋市,,0,0,5,4099,1.64,陳照郎,中國國民黨,1,N,T
臺北縣,板橋市,,0,0,6,24562,9.81,周鍚瑋,中國國民黨,1,N,T
臺北縣,板橋市,,0,0,7,566,0.23,陳丁茂,無,1,N,
臺北縣,板橋市,,0,0,8,42398,16.93,劉炳偉,中國國民黨,1,Y,T
臺北縣,板橋市,,0,0,9,21274,8.50,周慧瑛,民主進步黨,2,Y,T
臺北縣,板橋市,,0,0,10,2969,1.19,石瓊文,無,1,N,
臺北縣,板橋市,,0,0,11,4158,1.66,簡盛義,中國國民黨,1,Y,T
臺北縣,板橋市,,0,0,12,5786,2.31,游麗珠,新黨,2,N,
臺北縣,板橋市,,0,0,13,19891,7.94,林鍚耀,民主進步黨,1,N,T
臺北縣,板橋市,,0,0,14,35251,14.08,王兆釧,民主進步黨,1,N,T
臺北縣,板橋市,,0,0,15,7145,2.85,張金策,民主進步黨,1,N,
臺北縣,板橋市,,0,0,16,13039,5.21,宋艾克,新黨,1,N,T
臺北縣,板橋市,,0,0,17,8206,3.28,羅明旭,中國國民黨,1,N,T
臺北縣,板橋市,,0,0,18,6949,2.78,林建榮,中國國民黨,1,N,
臺北縣,板橋市,,0,0,19,10373,4.14,劉一德,民主進步黨,1,N,
臺北縣,板橋市,,0,0,20,12583,5.03,張清芳,民主進步黨,1,N,T
臺北縣,板橋市,,0,0,21,1287,0.51,蕭正用,無,1,N,
臺北縣,板橋市,,0,0,22,5575,2.23,江上清,中國國民黨,1,Y,T
臺北縣,三重市,,0,0,1,9809,5.36,楊泰順,新黨,1,N,T
臺北縣,三重市,,0,0,2,1585,0.87,苗素芳,中國國民黨,2,Y,
臺北縣,三重市,,0,0,3,6212,3.40,邵松雄,無,1,N,
臺北縣,三重市,,0,0,4,271,0.15,董尚中,無,1,N,
臺北縣,三重市,,0,0,5,52061,28.47,陳照郎,中國國民黨,1,N,T
臺北縣,三重市,,0,0,6,4049,2.21,周鍚瑋,中國國民黨,1,N,T
臺北縣,三重市,,0,0,7,863,0.47,陳丁茂,無,1,N,
臺北縣,三重市,,0,0,8,3468,1.90,劉炳偉,中國國民黨,1,Y,T
臺北縣,三重市,,0,0,9,22166,12.12,周慧瑛,民主進步黨,2,Y,T
臺北縣,三重市,,0,0,10,497,0.27,石瓊文,無,1,N,
臺北縣,三重市,,0,0,11,3513,1.92,簡盛義,中國國民黨,1,Y,T
臺北縣,三重市,,0,0,12,2303,1.26,游麗珠,新黨,2,N,
臺北縣,三重市,,0,0,13,12439,6.80,林鍚耀,民主進步黨,1,N,T
臺北縣,三重市,,0,0,14,17585,9.62,王兆釧,民主進步黨,1,N,T
臺北縣,三重市,,0,0,15,11400,6.23,張金策,民主進步黨,1,N,
臺北縣,三重市,,0,0,16,4401,2.41,宋艾克,新黨,1,N,T
臺北縣,三重市,,0,0,17,5678,3.10,羅明旭,中國國民黨,1,N,T
臺北縣,三重市,,0,0,18,883,0.48,林建榮,中國國民黨,1,N,
臺北縣,三重市,,0,0,19,11524,6.30,劉一德,民主進步黨,1,N,
臺北縣,三重市,,0,0,20,8001,4.38,張清芳,民主進步黨,1,N,T
臺北縣,三重市,,0,0,21,1756,0.96,蕭正用,無,1,N,
臺北縣,三重市,,0,0,22,2413,1.32,江上清,中國國民黨,1,Y,T
臺北縣,中和市,,0,0,1,14809,7.74,楊泰順,新黨,1,N,T
臺北縣,中和市,,0,0,2,7281,3.80,苗素芳,中國國民黨,2,Y,
臺北縣,中和市,,0,0,3,430,0.22,邵松雄,無,1,N,
臺北縣,中和市,,0,0,4,279,0.15,董尚中,無,1,N,
臺北縣,中和市,,0,0,5,1540,0.80,陳照郎,中國國民黨,1,N,T
臺北縣,中和市,,0,0,6,11392,5.95,周鍚瑋,中國國民黨,1,N,T
臺北縣,中和市,,0,0,7,276,0.14,陳丁茂,無,1,N,
臺北縣,中和市,,0,0,8,4427,2.31,劉炳偉,中國國民黨,1,Y,T
臺北縣,中和市,,0,0,9,12575,6.57,周慧瑛,民主進步黨,2,Y,T
臺北縣,中和市,,0,0,10,548,0.29,石瓊文,無,1,N,
臺北縣,中和市,,0,0,11,1217,0.64,簡盛義,中國國民黨,1,Y,T
臺北縣,中和市,,0,0,12,2592,1.35,游麗珠,新黨,2,N,
臺北縣,中和市,,0,0,13,11484,6.00,林鍚耀,民主進步黨,1,N,T
臺北縣,中和市,,0,0,14,14749,7.71,王兆釧,民主進步黨,1,N,T
臺北縣,中和市,,0,0,15,4967,2.60,張金策,民主進步黨,1,N,
臺北縣,中和市,,0,0,16,32600,17.04,宋艾克,新黨,1,N,T
臺北縣,中和市,,0,0,17,14290,7.47,羅明旭,中國國民黨,1,N,T
臺北縣,中和市,,0,0,18,2333,1.22,林建榮,中國國民黨,1,N,
臺北縣,中和市,,0,0,19,4590,2.40,劉一德,民主進步黨,1,N,
臺北縣,中和市,,0,0,20,6317,3.30,張清芳,民主進步黨,1,N,T
臺北縣,中和市,,0,0,21,578,0.30,蕭正用,無,1,N,
臺北縣,中和市,,0,0,22,42084,21.99,江上清,中國國民黨,1,Y,T
臺北縣,永和市,,0,0,1,11772,9.99,楊泰順,新黨,1,N,T
臺北縣,永和市,,0,0,2,14181,12.03,苗素芳,中國國民黨,2,Y,
臺北縣,永和市,,0,0,3,248,0.21,邵松雄,無,1,N,
臺北縣,永和市,,0,0,4,112,0.10,董尚中,無,1,N,
臺北縣,永和市,,0,0,5,1031,0.87,陳照郎,中國國民黨,1,N,T
臺北縣,永和市,,0,0,6,5105,4.33,周鍚瑋,中國國民黨,1,N,T
臺北縣,永和市,,0,0,7,143,0.12,陳丁茂,無,1,N,
臺北縣,永和市,,0,0,8,3707,3.14,劉炳偉,中國國民黨,1,Y,T
臺北縣,永和市,,0,0,9,7418,6.29,周慧瑛,民主進步黨,2,Y,T
臺北縣,永和市,,0,0,10,267,0.23,石瓊文,無,1,N,
臺北縣,永和市,,0,0,11,1317,1.12,簡盛義,中國國民黨,1,Y,T
臺北縣,永和市,,0,0,12,1689,1.43,游麗珠,新黨,2,N,
臺北縣,永和市,,0,0,13,7619,6.46,林鍚耀,民主進步黨,1,N,T
臺北縣,永和市,,0,0,14,6286,5.33,王兆釧,民主進步黨,1,N,T
臺北縣,永和市,,0,0,15,2709,2.30,張金策,民主進步黨,1,N,
臺北縣,永和市,,0,0,16,25836,21.92,宋艾克,新黨,1,N,T
臺北縣,永和市,,0,0,17,9049,7.68,羅明旭,中國國民黨,1,N,T
臺北縣,永和市,,0,0,18,1277,1.08,林建榮,中國國民黨,1,N,
臺北縣,永和市,,0,0,19,2701,2.29,劉一德,民主進步黨,1,N,
臺北縣,永和市,,0,0,20,3789,3.21,張清芳,民主進步黨,1,N,T
臺北縣,永和市,,0,0,21,297,0.25,蕭正用,無,1,N,
臺北縣,永和市,,0,0,22,11338,9.62,江上清,中國國民黨,1,Y,T
臺北縣,新莊市,,0,0,1,8992,6.39,楊泰順,新黨,1,N,T
臺北縣,新莊市,,0,0,2,1453,1.03,苗素芳,中國國民黨,2,Y,
臺北縣,新莊市,,0,0,3,544,0.39,邵松雄,無,1,N,
臺北縣,新莊市,,0,0,4,176,0.13,董尚中,無,1,N,
臺北縣,新莊市,,0,0,5,5809,4.13,陳照郎,中國國民黨,1,N,T
臺北縣,新莊市,,0,0,6,4607,3.27,周鍚瑋,中國國民黨,1,N,T
臺北縣,新莊市,,0,0,7,441,0.31,陳丁茂,無,1,N,
臺北縣,新莊市,,0,0,8,3610,2.57,劉炳偉,中國國民黨,1,Y,T
臺北縣,新莊市,,0,0,9,19578,13.91,周慧瑛,民主進步黨,2,Y,T
臺北縣,新莊市,,0,0,10,756,0.54,石瓊文,無,1,N,
臺北縣,新莊市,,0,0,11,37717,26.80,簡盛義,中國國民黨,1,Y,T
臺北縣,新莊市,,0,0,12,2356,1.67,游麗珠,新黨,2,N,
臺北縣,新莊市,,0,0,13,8274,5.88,林鍚耀,民主進步黨,1,N,T
臺北縣,新莊市,,0,0,14,14187,10.08,王兆釧,民主進步黨,1,N,T
臺北縣,新莊市,,0,0,15,5702,4.05,張金策,民主進步黨,1,N,
臺北縣,新莊市,,0,0,16,4940,3.51,宋艾克,新黨,1,N,T
臺北縣,新莊市,,0,0,17,5166,3.67,羅明旭,中國國民黨,1,N,T
臺北縣,新莊市,,0,0,18,1141,0.81,林建榮,中國國民黨,1,N,
臺北縣,新莊市,,0,0,19,6067,4.31,劉一德,民主進步黨,1,N,
臺北縣,新莊市,,0,0,20,6663,4.74,張清芳,民主進步黨,1,N,T
臺北縣,新莊市,,0,0,21,695,0.49,蕭正用,無,1,N,
臺北縣,新莊市,,0,0,22,1837,1.31,江上清,中國國民黨,1,Y,T
臺北縣,新店市,,0,0,1,30809,25.04,楊泰順,新黨,1,N,T
臺北縣,新店市,,0,0,2,2344,1.90,苗素芳,中國國民黨,2,Y,
臺北縣,新店市,,0,0,3,275,0.22,邵松雄,無,1,N,
臺北縣,新店市,,0,0,4,107,0.09,董尚中,無,1,N,
臺北縣,新店市,,0,0,5,863,0.70,陳照郎,中國國民黨,1,N,T
臺北縣,新店市,,0,0,6,6843,5.56,周鍚瑋,中國國民黨,1,N,T
臺北縣,新店市,,0,0,7,187,0.15,陳丁茂,無,1,N,
臺北縣,新店市,,0,0,8,2221,1.80,劉炳偉,中國國民黨,1,Y,T
臺北縣,新店市,,0,0,9,6725,5.47,周慧瑛,民主進步黨,2,Y,T
臺北縣,新店市,,0,0,10,289,0.23,石瓊文,無,1,N,
臺北縣,新店市,,0,0,11,647,0.53,簡盛義,中國國民黨,1,Y,T
臺北縣,新店市,,0,0,12,1455,1.18,游麗珠,新黨,2,N,
臺北縣,新店市,,0,0,13,4555,3.70,林鍚耀,民主進步黨,1,N,T
臺北縣,新店市,,0,0,14,7732,6.28,王兆釧,民主進步黨,1,N,T
臺北縣,新店市,,0,0,15,2879,2.34,張金策,民主進步黨,1,N,
臺北縣,新店市,,0,0,16,11935,9.70,宋艾克,新黨,1,N,T
臺北縣,新店市,,0,0,17,31913,25.93,羅明旭,中國國民黨,1,N,T
臺北縣,新店市,,0,0,18,675,0.55,林建榮,中國國民黨,1,N,
臺北縣,新店市,,0,0,19,2838,2.31,劉一德,民主進步黨,1,N,
臺北縣,新店市,,0,0,20,5447,4.43,張清芳,民主進步黨,1,N,T
臺北縣,新店市,,0,0,21,343,0.28,蕭正用,無,1,N,
臺北縣,新店市,,0,0,22,1968,1.60,江上清,中國國民黨,1,Y,T
臺北縣,樹林市,,0,0,1,2511,4.42,楊泰順,新黨,1,N,T
臺北縣,樹林市,,0,0,2,1003,1.77,苗素芳,中國國民黨,2,Y,
臺北縣,樹林市,,0,0,3,197,0.35,邵松雄,無,1,N,
臺北縣,樹林市,,0,0,4,90,0.16,董尚中,無,1,N,
臺北縣,樹林市,,0,0,5,1406,2.48,陳照郎,中國國民黨,1,N,T
臺北縣,樹林市,,0,0,6,2119,3.73,周鍚瑋,中國國民黨,1,N,T
臺北縣,樹林市,,0,0,7,89,0.16,陳丁茂,無,1,N,
臺北縣,樹林市,,0,0,8,2966,5.23,劉炳偉,中國國民黨,1,Y,T
臺北縣,樹林市,,0,0,9,2522,4.44,周慧瑛,民主進步黨,2,Y,T
臺北縣,樹林市,,0,0,10,295,0.52,石瓊文,無,1,N,
臺北縣,樹林市,,0,0,11,2258,3.98,簡盛義,中國國民黨,1,Y,T
臺北縣,樹林市,,0,0,12,859,1.51,游麗珠,新黨,2,N,
臺北縣,樹林市,,0,0,13,1777,3.13,林鍚耀,民主進步黨,1,N,T
臺北縣,樹林市,,0,0,14,1542,2.72,王兆釧,民主進步黨,1,N,T
臺北縣,樹林市,,0,0,15,556,0.98,張金策,民主進步黨,1,N,
臺北縣,樹林市,,0,0,16,1895,3.34,宋艾克,新黨,1,N,T
臺北縣,樹林市,,0,0,17,2447,4.31,羅明旭,中國國民黨,1,N,T
臺北縣,樹林市,,0,0,18,4043,7.12,林建榮,中國國民黨,1,N,
臺北縣,樹林市,,0,0,19,664,1.17,劉一德,民主進步黨,1,N,
臺北縣,樹林市,,0,0,20,25201,44.40,張清芳,民主進步黨,1,N,T
臺北縣,樹林市,,0,0,21,322,0.57,蕭正用,無,1,N,
臺北縣,樹林市,,0,0,22,1995,3.51,江上清,中國國民黨,1,Y,T
臺北縣,鶯歌鎮,,0,0,1,1100,3.53,楊泰順,新黨,1,N,T
臺北縣,鶯歌鎮,,0,0,2,409,1.31,苗素芳,中國國民黨,2,Y,
臺北縣,鶯歌鎮,,0,0,3,162,0.52,邵松雄,無,1,N,
臺北縣,鶯歌鎮,,0,0,4,54,0.17,董尚中,無,1,N,
臺北縣,鶯歌鎮,,0,0,5,878,2.81,陳照郎,中國國民黨,1,N,T
臺北縣,鶯歌鎮,,0,0,6,955,3.06,周鍚瑋,中國國民黨,1,N,T
臺北縣,鶯歌鎮,,0,0,7,132,0.42,陳丁茂,無,1,N,
臺北縣,鶯歌鎮,,0,0,8,3818,12.24,劉炳偉,中國國民黨,1,Y,T
臺北縣,鶯歌鎮,,0,0,9,1836,5.88,周慧瑛,民主進步黨,2,Y,T
臺北縣,鶯歌鎮,,0,0,10,157,0.50,石瓊文,無,1,N,
臺北縣,鶯歌鎮,,0,0,11,2168,6.95,簡盛義,中國國民黨,1,Y,T
臺北縣,鶯歌鎮,,0,0,12,524,1.68,游麗珠,新黨,2,N,
臺北縣,鶯歌鎮,,0,0,13,1368,4.38,林鍚耀,民主進步黨,1,N,T
臺北縣,鶯歌鎮,,0,0,14,1221,3.91,王兆釧,民主進步黨,1,N,T
臺北縣,鶯歌鎮,,0,0,15,346,1.11,張金策,民主進步黨,1,N,
臺北縣,鶯歌鎮,,0,0,16,927,2.97,宋艾克,新黨,1,N,T
臺北縣,鶯歌鎮,,0,0,17,3426,10.98,羅明旭,中國國民黨,1,N,T
臺北縣,鶯歌鎮,,0,0,18,4157,13.32,林建榮,中國國民黨,1,N,
臺北縣,鶯歌鎮,,0,0,19,414,1.33,劉一德,民主進步黨,1,N,
臺北縣,鶯歌鎮,,0,0,20,5400,17.31,張清芳,民主進步黨,1,N,T
臺北縣,鶯歌鎮,,0,0,21,401,1.29,蕭正用,無,1,N,
臺北縣,鶯歌鎮,,0,0,22,1349,4.32,江上清,中國國民黨,1,Y,T
臺北縣,三峽鎮,,0,0,1,1085,3.54,楊泰順,新黨,1,N,T
臺北縣,三峽鎮,,0,0,2,638,2.08,苗素芳,中國國民黨,2,Y,
臺北縣,三峽鎮,,0,0,3,187,0.61,邵松雄,無,1,N,
臺北縣,三峽鎮,,0,0,4,66,0.22,董尚中,無,1,N,
臺北縣,三峽鎮,,0,0,5,404,1.32,陳照郎,中國國民黨,1,N,T
臺北縣,三峽鎮,,0,0,6,1740,5.68,周鍚瑋,中國國民黨,1,N,T
臺北縣,三峽鎮,,0,0,7,61,0.20,陳丁茂,無,1,N,
臺北縣,三峽鎮,,0,0,8,4492,14.65,劉炳偉,中國國民黨,1,Y,T
臺北縣,三峽鎮,,0,0,9,2394,7.81,周慧瑛,民主進步黨,2,Y,T
臺北縣,三峽鎮,,0,0,10,158,0.52,石瓊文,無,1,N,
臺北縣,三峽鎮,,0,0,11,633,2.06,簡盛義,中國國民黨,1,Y,T
臺北縣,三峽鎮,,0,0,12,430,1.40,游麗珠,新黨,2,N,
臺北縣,三峽鎮,,0,0,13,1902,6.20,林鍚耀,民主進步黨,1,N,T
臺北縣,三峽鎮,,0,0,14,2273,7.41,王兆釧,民主進步黨,1,N,T
臺北縣,三峽鎮,,0,0,15,325,1.06,張金策,民主進步黨,1,N,
臺北縣,三峽鎮,,0,0,16,1005,3.28,宋艾克,新黨,1,N,T
臺北縣,三峽鎮,,0,0,17,1446,4.72,羅明旭,中國國民黨,1,N,T
臺北縣,三峽鎮,,0,0,18,5176,16.88,林建榮,中國國民黨,1,N,
臺北縣,三峽鎮,,0,0,19,515,1.68,劉一德,民主進步黨,1,N,
臺北縣,三峽鎮,,0,0,20,4145,13.52,張清芳,民主進步黨,1,N,T
臺北縣,三峽鎮,,0,0,21,626,2.04,蕭正用,無,1,N,
臺北縣,三峽鎮,,0,0,22,956,3.12,江上清,中國國民黨,1,Y,T
臺北縣,淡水鎮,,0,0,1,2510,5.52,楊泰順,新黨,1,N,T
臺北縣,淡水鎮,,0,0,2,1974,4.34,苗素芳,中國國民黨,2,Y,
臺北縣,淡水鎮,,0,0,3,205,0.45,邵松雄,無,1,N,
臺北縣,淡水鎮,,0,0,4,87,0.19,董尚中,無,1,N,
臺北縣,淡水鎮,,0,0,5,3682,8.10,陳照郎,中國國民黨,1,N,T
臺北縣,淡水鎮,,0,0,6,1607,3.54,周鍚瑋,中國國民黨,1,N,T
臺北縣,淡水鎮,,0,0,7,125,0.27,陳丁茂,無,1,N,
臺北縣,淡水鎮,,0,0,8,6301,13.86,劉炳偉,中國國民黨,1,Y,T
臺北縣,淡水鎮,,0,0,9,5860,12.89,周慧瑛,民主進步黨,2,Y,T
臺北縣,淡水鎮,,0,0,10,181,0.40,石瓊文,無,1,N,
臺北縣,淡水鎮,,0,0,11,1960,4.31,簡盛義,中國國民黨,1,Y,T
臺北縣,淡水鎮,,0,0,12,538,1.18,游麗珠,新黨,2,N,
臺北縣,淡水鎮,,0,0,13,2252,4.95,林鍚耀,民主進步黨,1,N,T
臺北縣,淡水鎮,,0,0,14,2094,4.61,王兆釧,民主進步黨,1,N,T
臺北縣,淡水鎮,,0,0,15,1755,3.86,張金策,民主進步黨,1,N,
臺北縣,淡水鎮,,0,0,16,2914,6.41,宋艾克,新黨,1,N,T
臺北縣,淡水鎮,,0,0,17,4894,10.77,羅明旭,中國國民黨,1,N,T
臺北縣,淡水鎮,,0,0,18,381,0.84,林建榮,中國國民黨,1,N,
臺北縣,淡水鎮,,0,0,19,1896,4.17,劉一德,民主進步黨,1,N,
臺北縣,淡水鎮,,0,0,20,1146,2.52,張清芳,民主進步黨,1,N,T
臺北縣,淡水鎮,,0,0,21,379,0.83,蕭正用,無,1,N,
臺北縣,淡水鎮,,0,0,22,2716,5.97,江上清,中國國民黨,1,Y,T
臺北縣,汐止市,,0,0,1,5335,10.20,楊泰順,新黨,1,N,T
臺北縣,汐止市,,0,0,2,1483,2.84,苗素芳,中國國民黨,2,Y,
臺北縣,汐止市,,0,0,3,514,0.98,邵松雄,無,1,N,
臺北縣,汐止市,,0,0,4,91,0.17,董尚中,無,1,N,
臺北縣,汐止市,,0,0,5,730,1.40,陳照郎,中國國民黨,1,N,T
臺北縣,汐止市,,0,0,6,2416,4.62,周鍚瑋,中國國民黨,1,N,T
臺北縣,汐止市,,0,0,7,198,0.38,陳丁茂,無,1,N,
臺北縣,汐止市,,0,0,8,5061,9.68,劉炳偉,中國國民黨,1,Y,T
臺北縣,汐止市,,0,0,9,9012,17.24,周慧瑛,民主進步黨,2,Y,T
臺北縣,汐止市,,0,0,10,327,0.63,石瓊文,無,1,N,
臺北縣,汐止市,,0,0,11,1211,2.32,簡盛義,中國國民黨,1,Y,T
臺北縣,汐止市,,0,0,12,1117,2.14,游麗珠,新黨,2,N,
臺北縣,汐止市,,0,0,13,2811,5.38,林鍚耀,民主進步黨,1,N,T
臺北縣,汐止市,,0,0,14,3107,5.94,王兆釧,民主進步黨,1,N,T
臺北縣,汐止市,,0,0,15,1918,3.67,張金策,民主進步黨,1,N,
臺北縣,汐止市,,0,0,16,3579,6.85,宋艾克,新黨,1,N,T
臺北縣,汐止市,,0,0,17,7885,15.08,羅明旭,中國國民黨,1,N,T
臺北縣,汐止市,,0,0,18,526,1.01,林建榮,中國國民黨,1,N,
臺北縣,汐止市,,0,0,19,1123,2.15,劉一德,民主進步黨,1,N,
臺北縣,汐止市,,0,0,20,2588,4.95,張清芳,民主進步黨,1,N,T
臺北縣,汐止市,,0,0,21,313,0.60,蕭正用,無,1,N,
臺北縣,汐止市,,0,0,22,939,1.80,江上清,中國國民黨,1,Y,T
臺北縣,瑞芳鎮,,0,0,1,992,3.86,楊泰順,新黨,1,N,T
臺北縣,瑞芳鎮,,0,0,2,381,1.48,苗素芳,中國國民黨,2,Y,
臺北縣,瑞芳鎮,,0,0,3,181,0.71,邵松雄,無,1,N,
臺北縣,瑞芳鎮,,0,0,4,81,0.32,董尚中,無,1,N,
臺北縣,瑞芳鎮,,0,0,5,300,1.17,陳照郎,中國國民黨,1,N,T
臺北縣,瑞芳鎮,,0,0,6,716,2.79,周鍚瑋,中國國民黨,1,N,T
臺北縣,瑞芳鎮,,0,0,7,114,0.44,陳丁茂,無,1,N,
臺北縣,瑞芳鎮,,0,0,8,5686,22.15,劉炳偉,中國國民黨,1,Y,T
臺北縣,瑞芳鎮,,0,0,9,2195,8.55,周慧瑛,民主進步黨,2,Y,T
臺北縣,瑞芳鎮,,0,0,10,278,1.08,石瓊文,無,1,N,
臺北縣,瑞芳鎮,,0,0,11,1126,4.39,簡盛義,中國國民黨,1,Y,T
臺北縣,瑞芳鎮,,0,0,12,311,1.21,游麗珠,新黨,2,N,
臺北縣,瑞芳鎮,,0,0,13,603,2.35,林鍚耀,民主進步黨,1,N,T
臺北縣,瑞芳鎮,,0,0,14,2356,9.18,王兆釧,民主進步黨,1,N,T
臺北縣,瑞芳鎮,,0,0,15,491,1.91,張金策,民主進步黨,1,N,
臺北縣,瑞芳鎮,,0,0,16,584,2.28,宋艾克,新黨,1,N,T
臺北縣,瑞芳鎮,,0,0,17,6010,23.41,羅明旭,中國國民黨,1,N,T
臺北縣,瑞芳鎮,,0,0,18,179,0.70,林建榮,中國國民黨,1,N,
臺北縣,瑞芳鎮,,0,0,19,612,2.38,劉一德,民主進步黨,1,N,
臺北縣,瑞芳鎮,,0,0,20,920,3.58,張清芳,民主進步黨,1,N,T
臺北縣,瑞芳鎮,,0,0,21,289,1.13,蕭正用,無,1,N,
臺北縣,瑞芳鎮,,0,0,22,1265,4.93,江上清,中國國民黨,1,Y,T
臺北縣,土城市,,0,0,1,4150,5.54,楊泰順,新黨,1,N,T
臺北縣,土城市,,0,0,2,901,1.20,苗素芳,中國國民黨,2,Y,
臺北縣,土城市,,0,0,3,203,0.27,邵松雄,無,1,N,
臺北縣,土城市,,0,0,4,609,0.81,董尚中,無,1,N,
臺北縣,土城市,,0,0,5,786,1.05,陳照郎,中國國民黨,1,N,T
臺北縣,土城市,,0,0,6,3878,5.18,周鍚瑋,中國國民黨,1,N,T
臺北縣,土城市,,0,0,7,110,0.15,陳丁茂,無,1,N,
臺北縣,土城市,,0,0,8,5615,7.50,劉炳偉,中國國民黨,1,Y,T
臺北縣,土城市,,0,0,9,4354,5.82,周慧瑛,民主進步黨,2,Y,T
臺北縣,土城市,,0,0,10,326,0.44,石瓊文,無,1,N,
臺北縣,土城市,,0,0,11,657,0.88,簡盛義,中國國民黨,1,Y,T
臺北縣,土城市,,0,0,12,1290,1.72,游麗珠,新黨,2,N,
臺北縣,土城市,,0,0,13,5181,6.92,林鍚耀,民主進步黨,1,N,T
臺北縣,土城市,,0,0,14,6899,9.22,王兆釧,民主進步黨,1,N,T
臺北縣,土城市,,0,0,15,1481,1.98,張金策,民主進步黨,1,N,
臺北縣,土城市,,0,0,16,4711,6.29,宋艾克,新黨,1,N,T
臺北縣,土城市,,0,0,17,1312,1.75,羅明旭,中國國民黨,1,N,T
臺北縣,土城市,,0,0,18,19395,25.91,林建榮,中國國民黨,1,N,
臺北縣,土城市,,0,0,19,2118,2.83,劉一德,民主進步黨,1,N,
臺北縣,土城市,,0,0,20,7713,10.30,張清芳,民主進步黨,1,N,T
臺北縣,土城市,,0,0,21,268,0.36,蕭正用,無,1,N,
臺北縣,土城市,,0,0,22,2898,3.87,江上清,中國國民黨,1,Y,T
臺北縣,蘆洲市,,0,0,1,3625,6.25,楊泰順,新黨,1,N,T
臺北縣,蘆洲市,,0,0,2,1052,1.81,苗素芳,中國國民黨,2,Y,
臺北縣,蘆洲市,,0,0,3,815,1.41,邵松雄,無,1,N,
臺北縣,蘆洲市,,0,0,4,60,0.10,董尚中,無,1,N,
臺北縣,蘆洲市,,0,0,5,9217,15.90,陳照郎,中國國民黨,1,N,T
臺北縣,蘆洲市,,0,0,6,1587,2.74,周鍚瑋,中國國民黨,1,N,T
臺北縣,蘆洲市,,0,0,7,165,0.28,陳丁茂,無,1,N,
臺北縣,蘆洲市,,0,0,8,1738,3.00,劉炳偉,中國國民黨,1,Y,T
臺北縣,蘆洲市,,0,0,9,6157,10.62,周慧瑛,民主進步黨,2,Y,T
臺北縣,蘆洲市,,0,0,10,180,0.31,石瓊文,無,1,N,
臺北縣,蘆洲市,,0,0,11,1840,3.17,簡盛義,中國國民黨,1,Y,T
臺北縣,蘆洲市,,0,0,12,795,1.37,游麗珠,新黨,2,N,
臺北縣,蘆洲市,,0,0,13,3985,6.87,林鍚耀,民主進步黨,1,N,T
臺北縣,蘆洲市,,0,0,14,6024,10.39,王兆釧,民主進步黨,1,N,T
臺北縣,蘆洲市,,0,0,15,3894,6.72,張金策,民主進步黨,1,N,
臺北縣,蘆洲市,,0,0,16,1605,2.77,宋艾克,新黨,1,N,T
臺北縣,蘆洲市,,0,0,17,4992,8.61,羅明旭,中國國民黨,1,N,T
臺北縣,蘆洲市,,0,0,18,361,0.62,林建榮,中國國民黨,1,N,
臺北縣,蘆洲市,,0,0,19,4337,7.48,劉一德,民主進步黨,1,N,
臺北縣,蘆洲市,,0,0,20,2442,4.21,張清芳,民主進步黨,1,N,T
臺北縣,蘆洲市,,0,0,21,2376,4.10,蕭正用,無,1,N,
臺北縣,蘆洲市,,0,0,22,719,1.24,江上清,中國國民黨,1,Y,T
臺北縣,五股鄉,,0,0,1,1445,5.78,楊泰順,新黨,1,N,T
臺北縣,五股鄉,,0,0,2,537,2.15,苗素芳,中國國民黨,2,Y,
臺北縣,五股鄉,,0,0,3,347,1.39,邵松雄,無,1,N,
臺北縣,五股鄉,,0,0,4,47,0.19,董尚中,無,1,N,
臺北縣,五股鄉,,0,0,5,2579,10.32,陳照郎,中國國民黨,1,N,T
臺北縣,五股鄉,,0,0,6,2297,9.20,周鍚瑋,中國國民黨,1,N,T
臺北縣,五股鄉,,0,0,7,72,0.29,陳丁茂,無,1,N,
臺北縣,五股鄉,,0,0,8,364,1.46,劉炳偉,中國國民黨,1,Y,T
臺北縣,五股鄉,,0,0,9,2570,10.29,周慧瑛,民主進步黨,2,Y,T
臺北縣,五股鄉,,0,0,10,96,0.38,石瓊文,無,1,N,
臺北縣,五股鄉,,0,0,11,2444,9.78,簡盛義,中國國民黨,1,Y,T
臺北縣,五股鄉,,0,0,12,365,1.46,游麗珠,新黨,2,N,
臺北縣,五股鄉,,0,0,13,1126,4.51,林鍚耀,民主進步黨,1,N,T
臺北縣,五股鄉,,0,0,14,2510,10.05,王兆釧,民主進步黨,1,N,T
臺北縣,五股鄉,,0,0,15,1692,6.77,張金策,民主進步黨,1,N,
臺北縣,五股鄉,,0,0,16,1582,6.33,宋艾克,新黨,1,N,T
臺北縣,五股鄉,,0,0,17,1645,6.59,羅明旭,中國國民黨,1,N,T
臺北縣,五股鄉,,0,0,18,191,0.76,林建榮,中國國民黨,1,N,
臺北縣,五股鄉,,0,0,19,1491,5.97,劉一德,民主進步黨,1,N,
臺北縣,五股鄉,,0,0,20,776,3.11,張清芳,民主進步黨,1,N,T
臺北縣,五股鄉,,0,0,21,420,1.68,蕭正用,無,1,N,
臺北縣,五股鄉,,0,0,22,384,1.54,江上清,中國國民黨,1,Y,T
臺北縣,泰山鄉,,0,0,1,1698,6.42,楊泰順,新黨,1,N,T
臺北縣,泰山鄉,,0,0,2,512,1.93,苗素芳,中國國民黨,2,Y,
臺北縣,泰山鄉,,0,0,3,137,0.52,邵松雄,無,1,N,
臺北縣,泰山鄉,,0,0,4,32,0.12,董尚中,無,1,N,
臺北縣,泰山鄉,,0,0,5,1552,5.86,陳照郎,中國國民黨,1,N,T
臺北縣,泰山鄉,,0,0,6,1400,5.29,周鍚瑋,中國國民黨,1,N,T
臺北縣,泰山鄉,,0,0,7,79,0.30,陳丁茂,無,1,N,
臺北縣,泰山鄉,,0,0,8,1241,4.69,劉炳偉,中國國民黨,1,Y,T
臺北縣,泰山鄉,,0,0,9,3460,13.07,周慧瑛,民主進步黨,2,Y,T
臺北縣,泰山鄉,,0,0,10,95,0.36,石瓊文,無,1,N,
臺北縣,泰山鄉,,0,0,11,6485,24.50,簡盛義,中國國民黨,1,Y,T
臺北縣,泰山鄉,,0,0,12,447,1.69,游麗珠,新黨,2,N,
臺北縣,泰山鄉,,0,0,13,1060,4.00,林鍚耀,民主進步黨,1,N,T
臺北縣,泰山鄉,,0,0,14,1872,7.07,王兆釧,民主進步黨,1,N,T
臺北縣,泰山鄉,,0,0,15,1134,4.28,張金策,民主進步黨,1,N,
臺北縣,泰山鄉,,0,0,16,1220,4.61,宋艾克,新黨,1,N,T
臺北縣,泰山鄉,,0,0,17,1178,4.45,羅明旭,中國國民黨,1,N,T
臺北縣,泰山鄉,,0,0,18,225,0.85,林建榮,中國國民黨,1,N,
臺北縣,泰山鄉,,0,0,19,951,3.59,劉一德,民主進步黨,1,N,
臺北縣,泰山鄉,,0,0,20,852,3.22,張清芳,民主進步黨,1,N,T
臺北縣,泰山鄉,,0,0,21,97,0.37,蕭正用,無,1,N,
臺北縣,泰山鄉,,0,0,22,741,2.80,江上清,中國國民黨,1,Y,T
臺北縣,林口鄉,,0,0,1,1052,5.95,楊泰順,新黨,1,N,T
臺北縣,林口鄉,,0,0,2,350,1.98,苗素芳,中國國民黨,2,Y,
臺北縣,林口鄉,,0,0,3,125,0.71,邵松雄,無,1,N,
臺北縣,林口鄉,,0,0,4,52,0.29,董尚中,無,1,N,
臺北縣,林口鄉,,0,0,5,710,4.01,陳照郎,中國國民黨,1,N,T
臺北縣,林口鄉,,0,0,6,1088,6.15,周鍚瑋,中國國民黨,1,N,T
臺北縣,林口鄉,,0,0,7,99,0.56,陳丁茂,無,1,N,
臺北縣,林口鄉,,0,0,8,962,5.44,劉炳偉,中國國民黨,1,Y,T
臺北縣,林口鄉,,0,0,9,2228,12.59,周慧瑛,民主進步黨,2,Y,T
臺北縣,林口鄉,,0,0,10,84,0.47,石瓊文,無,1,N,
臺北縣,林口鄉,,0,0,11,3071,17.36,簡盛義,中國國民黨,1,Y,T
臺北縣,林口鄉,,0,0,12,271,1.53,游麗珠,新黨,2,N,
臺北縣,林口鄉,,0,0,13,718,4.06,林鍚耀,民主進步黨,1,N,T
臺北縣,林口鄉,,0,0,14,1456,8.23,王兆釧,民主進步黨,1,N,T
臺北縣,林口鄉,,0,0,15,712,4.02,張金策,民主進步黨,1,N,
臺北縣,林口鄉,,0,0,16,872,4.93,宋艾克,新黨,1,N,T
臺北縣,林口鄉,,0,0,17,1592,9.00,羅明旭,中國國民黨,1,N,T
臺北縣,林口鄉,,0,0,18,234,1.32,林建榮,中國國民黨,1,N,
臺北縣,林口鄉,,0,0,19,660,3.73,劉一德,民主進步黨,1,N,
臺北縣,林口鄉,,0,0,20,849,4.80,張清芳,民主進步黨,1,N,T
臺北縣,林口鄉,,0,0,21,207,1.17,蕭正用,無,1,N,
臺北縣,林口鄉,,0,0,22,299,1.69,江上清,中國國民黨,1,Y,T
臺北縣,深坑鄉,,0,0,1,921,11.88,楊泰順,新黨,1,N,T
臺北縣,深坑鄉,,0,0,2,264,3.40,苗素芳,中國國民黨,2,Y,
臺北縣,深坑鄉,,0,0,3,39,0.50,邵松雄,無,1,N,
臺北縣,深坑鄉,,0,0,4,12,0.15,董尚中,無,1,N,
臺北縣,深坑鄉,,0,0,5,95,1.23,陳照郎,中國國民黨,1,N,T
臺北縣,深坑鄉,,0,0,6,193,2.49,周鍚瑋,中國國民黨,1,N,T
臺北縣,深坑鄉,,0,0,7,45,0.58,陳丁茂,無,1,N,
臺北縣,深坑鄉,,0,0,8,205,2.64,劉炳偉,中國國民黨,1,Y,T
臺北縣,深坑鄉,,0,0,9,768,9.90,周慧瑛,民主進步黨,2,Y,T
臺北縣,深坑鄉,,0,0,10,26,0.34,石瓊文,無,1,N,
臺北縣,深坑鄉,,0,0,11,93,1.20,簡盛義,中國國民黨,1,Y,T
臺北縣,深坑鄉,,0,0,12,100,1.29,游麗珠,新黨,2,N,
臺北縣,深坑鄉,,0,0,13,477,6.15,林鍚耀,民主進步黨,1,N,T
臺北縣,深坑鄉,,0,0,14,571,7.36,王兆釧,民主進步黨,1,N,T
臺北縣,深坑鄉,,0,0,15,227,2.93,張金策,民主進步黨,1,N,
臺北縣,深坑鄉,,0,0,16,375,4.84,宋艾克,新黨,1,N,T
臺北縣,深坑鄉,,0,0,17,2392,30.85,羅明旭,中國國民黨,1,N,T
臺北縣,深坑鄉,,0,0,18,69,0.89,林建榮,中國國民黨,1,N,
臺北縣,深坑鄉,,0,0,19,246,3.17,劉一德,民主進步黨,1,N,
臺北縣,深坑鄉,,0,0,20,341,4.40,張清芳,民主進步黨,1,N,T
臺北縣,深坑鄉,,0,0,21,85,1.10,蕭正用,無,1,N,
臺北縣,深坑鄉,,0,0,22,210,2.71,江上清,中國國民黨,1,Y,T
臺北縣,石碇鄉,,0,0,1,190,4.36,楊泰順,新黨,1,N,T
臺北縣,石碇鄉,,0,0,2,45,1.03,苗素芳,中國國民黨,2,Y,
臺北縣,石碇鄉,,0,0,3,32,0.73,邵松雄,無,1,N,
臺北縣,石碇鄉,,0,0,4,8,0.18,董尚中,無,1,N,
臺北縣,石碇鄉,,0,0,5,74,1.70,陳照郎,中國國民黨,1,N,T
臺北縣,石碇鄉,,0,0,6,69,1.58,周鍚瑋,中國國民黨,1,N,T
臺北縣,石碇鄉,,0,0,7,20,0.46,陳丁茂,無,1,N,
臺北縣,石碇鄉,,0,0,8,60,1.38,劉炳偉,中國國民黨,1,Y,T
臺北縣,石碇鄉,,0,0,9,611,14.02,周慧瑛,民主進步黨,2,Y,T
臺北縣,石碇鄉,,0,0,10,18,0.41,石瓊文,無,1,N,
臺北縣,石碇鄉,,0,0,11,30,0.69,簡盛義,中國國民黨,1,Y,T
臺北縣,石碇鄉,,0,0,12,32,0.73,游麗珠,新黨,2,N,
臺北縣,石碇鄉,,0,0,13,221,5.07,林鍚耀,民主進步黨,1,N,T
臺北縣,石碇鄉,,0,0,14,393,9.02,王兆釧,民主進步黨,1,N,T
臺北縣,石碇鄉,,0,0,15,150,3.44,張金策,民主進步黨,1,N,
臺北縣,石碇鄉,,0,0,16,85,1.95,宋艾克,新黨,1,N,T
臺北縣,石碇鄉,,0,0,17,1735,39.82,羅明旭,中國國民黨,1,N,T
臺北縣,石碇鄉,,0,0,18,26,0.60,林建榮,中國國民黨,1,N,
臺北縣,石碇鄉,,0,0,19,95,2.18,劉一德,民主進步黨,1,N,
臺北縣,石碇鄉,,0,0,20,309,7.09,張清芳,民主進步黨,1,N,T
臺北縣,石碇鄉,,0,0,21,88,2.02,蕭正用,無,1,N,
臺北縣,石碇鄉,,0,0,22,66,1.51,江上清,中國國民黨,1,Y,T
臺北縣,坪林鄉,,0,0,1,73,2.30,楊泰順,新黨,1,N,T
臺北縣,坪林鄉,,0,0,2,100,3.15,苗素芳,中國國民黨,2,Y,
臺北縣,坪林鄉,,0,0,3,14,0.44,邵松雄,無,1,N,
臺北縣,坪林鄉,,0,0,4,8,0.25,董尚中,無,1,N,
臺北縣,坪林鄉,,0,0,5,27,0.85,陳照郎,中國國民黨,1,N,T
臺北縣,坪林鄉,,0,0,6,31,0.98,周鍚瑋,中國國民黨,1,N,T
臺北縣,坪林鄉,,0,0,7,11,0.35,陳丁茂,無,1,N,
臺北縣,坪林鄉,,0,0,8,24,0.75,劉炳偉,中國國民黨,1,Y,T
臺北縣,坪林鄉,,0,0,9,330,10.38,周慧瑛,民主進步黨,2,Y,T
臺北縣,坪林鄉,,0,0,10,11,0.35,石瓊文,無,1,N,
臺北縣,坪林鄉,,0,0,11,12,0.38,簡盛義,中國國民黨,1,Y,T
臺北縣,坪林鄉,,0,0,12,22,0.69,游麗珠,新黨,2,N,
臺北縣,坪林鄉,,0,0,13,201,6.32,林鍚耀,民主進步黨,1,N,T
臺北縣,坪林鄉,,0,0,14,272,8.56,王兆釧,民主進步黨,1,N,T
臺北縣,坪林鄉,,0,0,15,90,2.83,張金策,民主進步黨,1,N,
臺北縣,坪林鄉,,0,0,16,40,1.26,宋艾克,新黨,1,N,T
臺北縣,坪林鄉,,0,0,17,919,28.91,羅明旭,中國國民黨,1,N,T
臺北縣,坪林鄉,,0,0,18,22,0.69,林建榮,中國國民黨,1,N,
臺北縣,坪林鄉,,0,0,19,127,3.99,劉一德,民主進步黨,1,N,
臺北縣,坪林鄉,,0,0,20,143,4.50,張清芳,民主進步黨,1,N,T
臺北縣,坪林鄉,,0,0,21,37,1.16,蕭正用,無,1,N,
臺北縣,坪林鄉,,0,0,22,665,20.92,江上清,中國國民黨,1,Y,T
臺北縣,三芝鄉,,0,0,1,255,2.75,楊泰順,新黨,1,N,T
臺北縣,三芝鄉,,0,0,2,413,4.45,苗素芳,中國國民黨,2,Y,
臺北縣,三芝鄉,,0,0,3,112,1.21,邵松雄,無,1,N,
臺北縣,三芝鄉,,0,0,4,23,0.25,董尚中,無,1,N,
臺北縣,三芝鄉,,0,0,5,386,4.16,陳照郎,中國國民黨,1,N,T
臺北縣,三芝鄉,,0,0,6,246,2.65,周鍚瑋,中國國民黨,1,N,T
臺北縣,三芝鄉,,0,0,7,31,0.33,陳丁茂,無,1,N,
臺北縣,三芝鄉,,0,0,8,211,2.27,劉炳偉,中國國民黨,1,Y,T
臺北縣,三芝鄉,,0,0,9,745,8.02,周慧瑛,民主進步黨,2,Y,T
臺北縣,三芝鄉,,0,0,10,47,0.51,石瓊文,無,1,N,
臺北縣,三芝鄉,,0,0,11,1456,15.68,簡盛義,中國國民黨,1,Y,T
臺北縣,三芝鄉,,0,0,12,87,0.94,游麗珠,新黨,2,N,
臺北縣,三芝鄉,,0,0,13,313,3.37,林鍚耀,民主進步黨,1,N,T
臺北縣,三芝鄉,,0,0,14,346,3.73,王兆釧,民主進步黨,1,N,T
臺北縣,三芝鄉,,0,0,15,162,1.74,張金策,民主進步黨,1,N,
臺北縣,三芝鄉,,0,0,16,161,1.73,宋艾克,新黨,1,N,T
臺北縣,三芝鄉,,0,0,17,690,7.43,羅明旭,中國國民黨,1,N,T
臺北縣,三芝鄉,,0,0,18,57,0.61,林建榮,中國國民黨,1,N,
臺北縣,三芝鄉,,0,0,19,328,3.53,劉一德,民主進步黨,1,N,
臺北縣,三芝鄉,,0,0,20,190,2.05,張清芳,民主進步黨,1,N,T
臺北縣,三芝鄉,,0,0,21,358,3.86,蕭正用,無,1,N,
臺北縣,三芝鄉,,0,0,22,2668,28.73,江上清,中國國民黨,1,Y,T
臺北縣,石門鄉,,0,0,1,147,2.86,楊泰順,新黨,1,N,T
臺北縣,石門鄉,,0,0,2,213,4.14,苗素芳,中國國民黨,2,Y,
臺北縣,石門鄉,,0,0,3,76,1.48,邵松雄,無,1,N,
臺北縣,石門鄉,,0,0,4,14,0.27,董尚中,無,1,N,
臺北縣,石門鄉,,0,0,5,319,6.21,陳照郎,中國國民黨,1,N,T
臺北縣,石門鄉,,0,0,6,157,3.05,周鍚瑋,中國國民黨,1,N,T
臺北縣,石門鄉,,0,0,7,19,0.37,陳丁茂,無,1,N,
臺北縣,石門鄉,,0,0,8,252,4.90,劉炳偉,中國國民黨,1,Y,T
臺北縣,石門鄉,,0,0,9,541,10.53,周慧瑛,民主進步黨,2,Y,T
臺北縣,石門鄉,,0,0,10,30,0.58,石瓊文,無,1,N,
臺北縣,石門鄉,,0,0,11,303,5.89,簡盛義,中國國民黨,1,Y,T
臺北縣,石門鄉,,0,0,12,52,1.01,游麗珠,新黨,2,N,
臺北縣,石門鄉,,0,0,13,109,2.12,林鍚耀,民主進步黨,1,N,T
臺北縣,石門鄉,,0,0,14,173,3.37,王兆釧,民主進步黨,1,N,T
臺北縣,石門鄉,,0,0,15,127,2.47,張金策,民主進步黨,1,N,
臺北縣,石門鄉,,0,0,16,97,1.89,宋艾克,新黨,1,N,T
臺北縣,石門鄉,,0,0,17,377,7.33,羅明旭,中國國民黨,1,N,T
臺北縣,石門鄉,,0,0,18,20,0.39,林建榮,中國國民黨,1,N,
臺北縣,石門鄉,,0,0,19,459,8.93,劉一德,民主進步黨,1,N,
臺北縣,石門鄉,,0,0,20,93,1.81,張清芳,民主進步黨,1,N,T
臺北縣,石門鄉,,0,0,21,83,1.61,蕭正用,無,1,N,
臺北縣,石門鄉,,0,0,22,1479,28.77,江上清,中國國民黨,1,Y,T
臺北縣,八里鄉,,0,0,1,421,4.34,楊泰順,新黨,1,N,T
臺北縣,八里鄉,,0,0,2,705,7.26,苗素芳,中國國民黨,2,Y,
臺北縣,八里鄉,,0,0,3,144,1.48,邵松雄,無,1,N,
臺北縣,八里鄉,,0,0,4,24,0.25,董尚中,無,1,N,
臺北縣,八里鄉,,0,0,5,1626,16.75,陳照郎,中國國民黨,1,N,T
臺北縣,八里鄉,,0,0,6,265,2.73,周鍚瑋,中國國民黨,1,N,T
臺北縣,八里鄉,,0,0,7,25,0.26,陳丁茂,無,1,N,
臺北縣,八里鄉,,0,0,8,1199,12.35,劉炳偉,中國國民黨,1,Y,T
臺北縣,八里鄉,,0,0,9,813,8.37,周慧瑛,民主進步黨,2,Y,T
臺北縣,八里鄉,,0,0,10,38,0.39,石瓊文,無,1,N,
臺北縣,八里鄉,,0,0,11,707,7.28,簡盛義,中國國民黨,1,Y,T
臺北縣,八里鄉,,0,0,12,101,1.04,游麗珠,新黨,2,N,
臺北縣,八里鄉,,0,0,13,341,3.51,林鍚耀,民主進步黨,1,N,T
臺北縣,八里鄉,,0,0,14,1108,11.41,王兆釧,民主進步黨,1,N,T
臺北縣,八里鄉,,0,0,15,313,3.22,張金策,民主進步黨,1,N,
臺北縣,八里鄉,,0,0,16,315,3.24,宋艾克,新黨,1,N,T
臺北縣,八里鄉,,0,0,17,358,3.69,羅明旭,中國國民黨,1,N,T
臺北縣,八里鄉,,0,0,18,58,0.60,林建榮,中國國民黨,1,N,
臺北縣,八里鄉,,0,0,19,548,5.64,劉一德,民主進步黨,1,N,
臺北縣,八里鄉,,0,0,20,225,2.32,張清芳,民主進步黨,1,N,T
臺北縣,八里鄉,,0,0,21,195,2.01,蕭正用,無,1,N,
臺北縣,八里鄉,,0,0,22,181,1.86,江上清,中國國民黨,1,Y,T
臺北縣,平溪鄉,,0,0,1,95,2.54,楊泰順,新黨,1,N,T
臺北縣,平溪鄉,,0,0,2,167,4.47,苗素芳,中國國民黨,2,Y,
臺北縣,平溪鄉,,0,0,3,53,1.42,邵松雄,無,1,N,
臺北縣,平溪鄉,,0,0,4,5,0.13,董尚中,無,1,N,
臺北縣,平溪鄉,,0,0,5,392,10.49,陳照郎,中國國民黨,1,N,T
臺北縣,平溪鄉,,0,0,6,36,0.96,周鍚瑋,中國國民黨,1,N,T
臺北縣,平溪鄉,,0,0,7,24,0.64,陳丁茂,無,1,N,
臺北縣,平溪鄉,,0,0,8,406,10.86,劉炳偉,中國國民黨,1,Y,T
臺北縣,平溪鄉,,0,0,9,336,8.99,周慧瑛,民主進步黨,2,Y,T
臺北縣,平溪鄉,,0,0,10,54,1.45,石瓊文,無,1,N,
臺北縣,平溪鄉,,0,0,11,84,2.25,簡盛義,中國國民黨,1,Y,T
臺北縣,平溪鄉,,0,0,12,27,0.72,游麗珠,新黨,2,N,
臺北縣,平溪鄉,,0,0,13,117,3.13,林鍚耀,民主進步黨,1,N,T
臺北縣,平溪鄉,,0,0,14,178,4.76,王兆釧,民主進步黨,1,N,T
臺北縣,平溪鄉,,0,0,15,71,1.90,張金策,民主進步黨,1,N,
臺北縣,平溪鄉,,0,0,16,72,1.93,宋艾克,新黨,1,N,T
臺北縣,平溪鄉,,0,0,17,1122,30.02,羅明旭,中國國民黨,1,N,T
臺北縣,平溪鄉,,0,0,18,27,0.72,林建榮,中國國民黨,1,N,
臺北縣,平溪鄉,,0,0,19,90,2.41,劉一德,民主進步黨,1,N,
臺北縣,平溪鄉,,0,0,20,162,4.34,張清芳,民主進步黨,1,N,T
臺北縣,平溪鄉,,0,0,21,21,0.56,蕭正用,無,1,N,
臺北縣,平溪鄉,,0,0,22,198,5.30,江上清,中國國民黨,1,Y,T
臺北縣,雙溪鄉,,0,0,1,127,2.03,楊泰順,新黨,1,N,T
臺北縣,雙溪鄉,,0,0,2,125,2.00,苗素芳,中國國民黨,2,Y,
臺北縣,雙溪鄉,,0,0,3,35,0.56,邵松雄,無,1,N,
臺北縣,雙溪鄉,,0,0,4,14,0.22,董尚中,無,1,N,
臺北縣,雙溪鄉,,0,0,5,168,2.68,陳照郎,中國國民黨,1,N,T
臺北縣,雙溪鄉,,0,0,6,71,1.13,周鍚瑋,中國國民黨,1,N,T
臺北縣,雙溪鄉,,0,0,7,21,0.34,陳丁茂,無,1,N,
臺北縣,雙溪鄉,,0,0,8,1206,19.25,劉炳偉,中國國民黨,1,Y,T
臺北縣,雙溪鄉,,0,0,9,504,8.04,周慧瑛,民主進步黨,2,Y,T
臺北縣,雙溪鄉,,0,0,10,87,1.39,石瓊文,無,1,N,
臺北縣,雙溪鄉,,0,0,11,514,8.20,簡盛義,中國國民黨,1,Y,T
臺北縣,雙溪鄉,,0,0,12,41,0.65,游麗珠,新黨,2,N,
臺北縣,雙溪鄉,,0,0,13,175,2.79,林鍚耀,民主進步黨,1,N,T
臺北縣,雙溪鄉,,0,0,14,255,4.07,王兆釧,民主進步黨,1,N,T
臺北縣,雙溪鄉,,0,0,15,178,2.84,張金策,民主進步黨,1,N,
臺北縣,雙溪鄉,,0,0,16,89,1.42,宋艾克,新黨,1,N,T
臺北縣,雙溪鄉,,0,0,17,1596,25.47,羅明旭,中國國民黨,1,N,T
臺北縣,雙溪鄉,,0,0,18,42,0.67,林建榮,中國國民黨,1,N,
臺北縣,雙溪鄉,,0,0,19,109,1.74,劉一德,民主進步黨,1,N,
臺北縣,雙溪鄉,,0,0,20,353,5.63,張清芳,民主進步黨,1,N,T
臺北縣,雙溪鄉,,0,0,21,65,1.04,蕭正用,無,1,N,
臺北縣,雙溪鄉,,0,0,22,490,7.82,江上清,中國國民黨,1,Y,T
臺北縣,貢寮鄉,,0,0,1,148,2.05,楊泰順,新黨,1,N,T
臺北縣,貢寮鄉,,0,0,2,278,3.86,苗素芳,中國國民黨,2,Y,
臺北縣,貢寮鄉,,0,0,3,59,0.82,邵松雄,無,1,N,
臺北縣,貢寮鄉,,0,0,4,13,0.18,董尚中,無,1,N,
臺北縣,貢寮鄉,,0,0,5,228,3.16,陳照郎,中國國民黨,1,N,T
臺北縣,貢寮鄉,,0,0,6,125,1.73,周鍚瑋,中國國民黨,1,N,T
臺北縣,貢寮鄉,,0,0,7,32,0.44,陳丁茂,無,1,N,
臺北縣,貢寮鄉,,0,0,8,284,3.94,劉炳偉,中國國民黨,1,Y,T
臺北縣,貢寮鄉,,0,0,9,1316,18.27,周慧瑛,民主進步黨,2,Y,T
臺北縣,貢寮鄉,,0,0,10,49,0.68,石瓊文,無,1,N,
臺北縣,貢寮鄉,,0,0,11,237,3.29,簡盛義,中國國民黨,1,Y,T
臺北縣,貢寮鄉,,0,0,12,76,1.05,游麗珠,新黨,2,N,
臺北縣,貢寮鄉,,0,0,13,522,7.24,林鍚耀,民主進步黨,1,N,T
臺北縣,貢寮鄉,,0,0,14,455,6.32,王兆釧,民主進步黨,1,N,T
臺北縣,貢寮鄉,,0,0,15,526,7.30,張金策,民主進步黨,1,N,
臺北縣,貢寮鄉,,0,0,16,82,1.14,宋艾克,新黨,1,N,T
臺北縣,貢寮鄉,,0,0,17,1754,24.34,羅明旭,中國國民黨,1,N,T
臺北縣,貢寮鄉,,0,0,18,47,0.65,林建榮,中國國民黨,1,N,
臺北縣,貢寮鄉,,0,0,19,220,3.05,劉一德,民主進步黨,1,N,
臺北縣,貢寮鄉,,0,0,20,314,4.36,張清芳,民主進步黨,1,N,T
臺北縣,貢寮鄉,,0,0,21,28,0.39,蕭正用,無,1,N,
臺北縣,貢寮鄉,,0,0,22,412,5.72,江上清,中國國民黨,1,Y,T
臺北縣,金山鄉,,0,0,1,246,2.63,楊泰順,新黨,1,N,T
臺北縣,金山鄉,,0,0,2,361,3.86,苗素芳,中國國民黨,2,Y,
臺北縣,金山鄉,,0,0,3,108,1.15,邵松雄,無,1,N,
臺北縣,金山鄉,,0,0,4,24,0.26,董尚中,無,1,N,
臺北縣,金山鄉,,0,0,5,286,3.06,陳照郎,中國國民黨,1,N,T
臺北縣,金山鄉,,0,0,6,258,2.76,周鍚瑋,中國國民黨,1,N,T
臺北縣,金山鄉,,0,0,7,38,0.41,陳丁茂,無,1,N,
臺北縣,金山鄉,,0,0,8,699,7.47,劉炳偉,中國國民黨,1,Y,T
臺北縣,金山鄉,,0,0,9,531,5.67,周慧瑛,民主進步黨,2,Y,T
臺北縣,金山鄉,,0,0,10,38,0.41,石瓊文,無,1,N,
臺北縣,金山鄉,,0,0,11,804,8.59,簡盛義,中國國民黨,1,Y,T
臺北縣,金山鄉,,0,0,12,84,0.90,游麗珠,新黨,2,N,
臺北縣,金山鄉,,0,0,13,149,1.59,林鍚耀,民主進步黨,1,N,T
臺北縣,金山鄉,,0,0,14,358,3.83,王兆釧,民主進步黨,1,N,T
臺北縣,金山鄉,,0,0,15,130,1.39,張金策,民主進步黨,1,N,
臺北縣,金山鄉,,0,0,16,146,1.56,宋艾克,新黨,1,N,T
臺北縣,金山鄉,,0,0,17,1579,16.87,羅明旭,中國國民黨,1,N,T
臺北縣,金山鄉,,0,0,18,95,1.02,林建榮,中國國民黨,1,N,
臺北縣,金山鄉,,0,0,19,2212,23.64,劉一德,民主進步黨,1,N,
臺北縣,金山鄉,,0,0,20,153,1.63,張清芳,民主進步黨,1,N,T
臺北縣,金山鄉,,0,0,21,79,0.84,蕭正用,無,1,N,
臺北縣,金山鄉,,0,0,22,981,10.48,江上清,中國國民黨,1,Y,T
臺北縣,萬里鄉,,0,0,1,337,3.62,楊泰順,新黨,1,N,T
臺北縣,萬里鄉,,0,0,2,813,8.73,苗素芳,中國國民黨,2,Y,
臺北縣,萬里鄉,,0,0,3,124,1.33,邵松雄,無,1,N,
臺北縣,萬里鄉,,0,0,4,20,0.21,董尚中,無,1,N,
臺北縣,萬里鄉,,0,0,5,165,1.77,陳照郎,中國國民黨,1,N,T
臺北縣,萬里鄉,,0,0,6,664,7.13,周鍚瑋,中國國民黨,1,N,T
臺北縣,萬里鄉,,0,0,7,51,0.55,陳丁茂,無,1,N,
臺北縣,萬里鄉,,0,0,8,1961,21.05,劉炳偉,中國國民黨,1,Y,T
臺北縣,萬里鄉,,0,0,9,770,8.26,周慧瑛,民主進步黨,2,Y,T
臺北縣,萬里鄉,,0,0,10,52,0.56,石瓊文,無,1,N,
臺北縣,萬里鄉,,0,0,11,293,3.14,簡盛義,中國國民黨,1,Y,T
臺北縣,萬里鄉,,0,0,12,121,1.30,游麗珠,新黨,2,N,
臺北縣,萬里鄉,,0,0,13,316,3.39,林鍚耀,民主進步黨,1,N,T
臺北縣,萬里鄉,,0,0,14,392,4.21,王兆釧,民主進步黨,1,N,T
臺北縣,萬里鄉,,0,0,15,165,1.77,張金策,民主進步黨,1,N,
臺北縣,萬里鄉,,0,0,16,224,2.40,宋艾克,新黨,1,N,T
臺北縣,萬里鄉,,0,0,17,806,8.65,羅明旭,中國國民黨,1,N,T
臺北縣,萬里鄉,,0,0,18,73,0.78,林建榮,中國國民黨,1,N,
臺北縣,萬里鄉,,0,0,19,686,7.36,劉一德,民主進步黨,1,N,
臺北縣,萬里鄉,,0,0,20,225,2.41,張清芳,民主進步黨,1,N,T
臺北縣,萬里鄉,,0,0,21,94,1.01,蕭正用,無,1,N,
臺北縣,萬里鄉,,0,0,22,965,10.36,江上清,中國國民黨,1,Y,T
臺北縣,烏來鄉,,0,0,1,68,6.42,楊泰順,新黨,1,N,T
臺北縣,烏來鄉,,0,0,2,57,5.38,苗素芳,中國國民黨,2,Y,
臺北縣,烏來鄉,,0,0,3,18,1.70,邵松雄,無,1,N,
臺北縣,烏來鄉,,0,0,4,1,0.09,董尚中,無,1,N,
臺北縣,烏來鄉,,0,0,5,7,0.66,陳照郎,中國國民黨,1,N,T
臺北縣,烏來鄉,,0,0,6,53,5.00,周鍚瑋,中國國民黨,1,N,T
臺北縣,烏來鄉,,0,0,7,3,0.28,陳丁茂,無,1,N,
臺北縣,烏來鄉,,0,0,8,87,8.21,劉炳偉,中國國民黨,1,Y,T
臺北縣,烏來鄉,,0,0,9,152,14.34,周慧瑛,民主進步黨,2,Y,T
臺北縣,烏來鄉,,0,0,10,3,0.28,石瓊文,無,1,N,
臺北縣,烏來鄉,,0,0,11,36,3.40,簡盛義,中國國民黨,1,Y,T
臺北縣,烏來鄉,,0,0,12,4,0.38,游麗珠,新黨,2,N,
臺北縣,烏來鄉,,0,0,13,32,3.02,林鍚耀,民主進步黨,1,N,T
臺北縣,烏來鄉,,0,0,14,67,6.32,王兆釧,民主進步黨,1,N,T
臺北縣,烏來鄉,,0,0,15,16,1.51,張金策,民主進步黨,1,N,
臺北縣,烏來鄉,,0,0,16,28,2.64,宋艾克,新黨,1,N,T
臺北縣,烏來鄉,,0,0,17,335,31.60,羅明旭,中國國民黨,1,N,T
臺北縣,烏來鄉,,0,0,18,12,1.13,林建榮,中國國民黨,1,N,
臺北縣,烏來鄉,,0,0,19,25,2.36,劉一德,民主進步黨,1,N,
臺北縣,烏來鄉,,0,0,20,29,2.74,張清芳,民主進步黨,1,N,T
臺北縣,烏來鄉,,0,0,21,2,0.19,蕭正用,無,1,N,
臺北縣,烏來鄉,,0,0,22,25,2.36,江上清,中國國民黨,1,Y,T
宜蘭縣,宜蘭市,,0,0,1,2464,5.41,陳國賢,中國國民黨,1,N,
宜蘭縣,宜蘭市,,0,0,2,20596,45.25,劉守成,民主進步黨,1,Y,T
宜蘭縣,宜蘭市,,0,0,3,21199,46.58,盧逸峰,中國國民黨,1,Y,T
宜蘭縣,宜蘭市,,0,0,4,1252,2.75,廖繼斌,無,1,N,
宜蘭縣,羅東鎮,,0,0,1,6930,20.63,陳國賢,中國國民黨,1,N,
宜蘭縣,羅東鎮,,0,0,2,17858,53.17,劉守成,民主進步黨,1,Y,T
宜蘭縣,羅東鎮,,0,0,3,7927,23.60,盧逸峰,中國國民黨,1,Y,T
宜蘭縣,羅東鎮,,0,0,4,873,2.60,廖繼斌,無,1,N,
宜蘭縣,蘇澳鎮,,0,0,1,2112,8.53,陳國賢,中國國民黨,1,N,
宜蘭縣,蘇澳鎮,,0,0,2,12089,48.81,劉守成,民主進步黨,1,Y,T
宜蘭縣,蘇澳鎮,,0,0,3,10073,40.67,盧逸峰,中國國民黨,1,Y,T
宜蘭縣,蘇澳鎮,,0,0,4,492,1.99,廖繼斌,無,1,N,
宜蘭縣,頭城鎮,,0,0,1,683,4.00,陳國賢,中國國民黨,1,N,
宜蘭縣,頭城鎮,,0,0,2,3960,23.20,劉守成,民主進步黨,1,Y,T
宜蘭縣,頭城鎮,,0,0,3,12289,72.00,盧逸峰,中國國民黨,1,Y,T
宜蘭縣,頭城鎮,,0,0,4,137,0.80,廖繼斌,無,1,N,
宜蘭縣,礁溪鄉,,0,0,1,897,4.52,陳國賢,中國國民黨,1,N,
宜蘭縣,礁溪鄉,,0,0,2,8856,44.64,劉守成,民主進步黨,1,Y,T
宜蘭縣,礁溪鄉,,0,0,3,9770,49.24,盧逸峰,中國國民黨,1,Y,T
宜蘭縣,礁溪鄉,,0,0,4,317,1.60,廖繼斌,無,1,N,
宜蘭縣,壯圍鄉,,0,0,1,904,6.91,陳國賢,中國國民黨,1,N,
宜蘭縣,壯圍鄉,,0,0,2,6094,46.57,劉守成,民主進步黨,1,Y,T
宜蘭縣,壯圍鄉,,0,0,3,5915,45.20,盧逸峰,中國國民黨,1,Y,T
宜蘭縣,壯圍鄉,,0,0,4,173,1.32,廖繼斌,無,1,N,
宜蘭縣,員山鄉,,0,0,1,885,5.21,陳國賢,中國國民黨,1,N,
宜蘭縣,員山鄉,,0,0,2,9063,53.38,劉守成,民主進步黨,1,Y,T
宜蘭縣,員山鄉,,0,0,3,6651,39.17,盧逸峰,中國國民黨,1,Y,T
宜蘭縣,員山鄉,,0,0,4,380,2.24,廖繼斌,無,1,N,
宜蘭縣,冬山鄉,,0,0,1,2903,10.65,陳國賢,中國國民黨,1,N,
宜蘭縣,冬山鄉,,0,0,2,16964,62.22,劉守成,民主進步黨,1,Y,T
宜蘭縣,冬山鄉,,0,0,3,6690,24.54,盧逸峰,中國國民黨,1,Y,T
宜蘭縣,冬山鄉,,0,0,4,706,2.59,廖繼斌,無,1,N,
宜蘭縣,五結鄉,,0,0,1,1921,9.34,陳國賢,中國國民黨,1,N,
宜蘭縣,五結鄉,,0,0,2,12767,62.04,劉守成,民主進步黨,1,Y,T
宜蘭縣,五結鄉,,0,0,3,5438,26.43,盧逸峰,中國國民黨,1,Y,T
宜蘭縣,五結鄉,,0,0,4,452,2.20,廖繼斌,無,1,N,
宜蘭縣,三星鄉,,0,0,1,881,7.10,陳國賢,中國國民黨,1,N,
宜蘭縣,三星鄉,,0,0,2,7758,62.51,劉守成,民主進步黨,1,Y,T
宜蘭縣,三星鄉,,0,0,3,3580,28.85,盧逸峰,中國國民黨,1,Y,T
宜蘭縣,三星鄉,,0,0,4,192,1.55,廖繼斌,無,1,N,
宜蘭縣,大同鄉,,0,0,1,65,9.75,陳國賢,中國國民黨,1,N,
宜蘭縣,大同鄉,,0,0,2,282,42.28,劉守成,民主進步黨,1,Y,T
宜蘭縣,大同鄉,,0,0,3,304,45.58,盧逸峰,中國國民黨,1,Y,T
宜蘭縣,大同鄉,,0,0,4,16,2.40,廖繼斌,無,1,N,
宜蘭縣,南澳鄉,,0,0,1,62,10.47,陳國賢,中國國民黨,1,N,
宜蘭縣,南澳鄉,,0,0,2,224,37.84,劉守成,民主進步黨,1,Y,T
宜蘭縣,南澳鄉,,0,0,3,284,47.97,盧逸峰,中國國民黨,1,Y,T
宜蘭縣,南澳鄉,,0,0,4,22,3.72,廖繼斌,無,1,N,
桃園縣,桃園市,,0,0,1,2247,1.89,呂學琳,無,1,N,
桃園縣,桃園市,,0,0,2,4395,3.70,彭添富,民主進步黨,1,Y,T
桃園縣,桃園市,,0,0,3,17868,15.05,林熺模,民主進步黨,1,N,
桃園縣,桃園市,,0,0,4,11269,9.49,藍照慶,無,1,N,
桃園縣,桃園市,,0,0,5,5162,4.35,鄭金鈴,中國國民黨,2,N,T
桃園縣,桃園市,,0,0,6,9955,8.39,黃木添,無,1,Y,T
桃園縣,桃園市,,0,0,7,10637,8.96,吳振寰,中國國民黨,1,N,
桃園縣,桃園市,,0,0,8,9462,7.97,許林翠粉,民主進步黨,2,N,
桃園縣,桃園市,,0,0,9,27434,23.11,呂進芳,中國國民黨,1,Y,T
桃園縣,桃園市,,0,0,10,11264,9.49,邱創良,中國國民黨,1,Y,T
桃園縣,桃園市,,0,0,11,2671,2.25,陳進祥,中國國民黨,1,Y,T
桃園縣,桃園市,,0,0,12,377,0.32,郭義輝,無,1,N,
桃園縣,桃園市,,0,0,13,5803,4.89,許應舉,民主進步黨,1,N,
桃園縣,桃園市,,0,0,14,179,0.15,姜水浪,無,1,N,
桃園縣,中壢市,,0,0,1,871,0.61,呂學琳,無,1,N,
桃園縣,中壢市,,0,0,2,20377,14.18,彭添富,民主進步黨,1,Y,T
桃園縣,中壢市,,0,0,3,2475,1.72,林熺模,民主進步黨,1,N,
桃園縣,中壢市,,0,0,4,15194,10.58,藍照慶,無,1,N,
桃園縣,中壢市,,0,0,5,30013,20.89,鄭金鈴,中國國民黨,2,N,T
桃園縣,中壢市,,0,0,6,16844,11.73,黃木添,無,1,Y,T
桃園縣,中壢市,,0,0,7,6426,4.47,吳振寰,中國國民黨,1,N,
桃園縣,中壢市,,0,0,8,4702,3.27,許林翠粉,民主進步黨,2,N,
桃園縣,中壢市,,0,0,9,6760,4.71,呂進芳,中國國民黨,1,Y,T
桃園縣,中壢市,,0,0,10,10031,6.98,邱創良,中國國民黨,1,Y,T
桃園縣,中壢市,,0,0,11,11533,8.03,陳進祥,中國國民黨,1,Y,T
桃園縣,中壢市,,0,0,12,193,0.13,郭義輝,無,1,N,
桃園縣,中壢市,,0,0,13,17822,12.41,許應舉,民主進步黨,1,N,
桃園縣,中壢市,,0,0,14,411,0.29,姜水浪,無,1,N,
桃園縣,大溪鎮,,0,0,1,284,0.73,呂學琳,無,1,N,
桃園縣,大溪鎮,,0,0,2,1931,4.96,彭添富,民主進步黨,1,Y,T
桃園縣,大溪鎮,,0,0,3,6935,17.82,林熺模,民主進步黨,1,N,
桃園縣,大溪鎮,,0,0,4,2431,6.25,藍照慶,無,1,N,
桃園縣,大溪鎮,,0,0,5,1955,5.02,鄭金鈴,中國國民黨,2,N,T
桃園縣,大溪鎮,,0,0,6,3768,9.68,黃木添,無,1,Y,T
桃園縣,大溪鎮,,0,0,7,4800,12.34,吳振寰,中國國民黨,1,N,
桃園縣,大溪鎮,,0,0,8,1701,4.37,許林翠粉,民主進步黨,2,N,
桃園縣,大溪鎮,,0,0,9,2748,7.06,呂進芳,中國國民黨,1,Y,T
桃園縣,大溪鎮,,0,0,10,9819,25.24,邱創良,中國國民黨,1,Y,T
桃園縣,大溪鎮,,0,0,11,1334,3.43,陳進祥,中國國民黨,1,Y,T
桃園縣,大溪鎮,,0,0,12,64,0.16,郭義輝,無,1,N,
桃園縣,大溪鎮,,0,0,13,1064,2.73,許應舉,民主進步黨,1,N,
桃園縣,大溪鎮,,0,0,14,75,0.19,姜水浪,無,1,N,
桃園縣,楊梅鎮,,0,0,1,235,0.46,呂學琳,無,1,N,
桃園縣,楊梅鎮,,0,0,2,9916,19.29,彭添富,民主進步黨,1,Y,T
桃園縣,楊梅鎮,,0,0,3,824,1.60,林熺模,民主進步黨,1,N,
桃園縣,楊梅鎮,,0,0,4,2651,5.16,藍照慶,無,1,N,
桃園縣,楊梅鎮,,0,0,5,9185,17.87,鄭金鈴,中國國民黨,2,N,T
桃園縣,楊梅鎮,,0,0,6,5964,11.60,黃木添,無,1,Y,T
桃園縣,楊梅鎮,,0,0,7,1554,3.02,吳振寰,中國國民黨,1,N,
桃園縣,楊梅鎮,,0,0,8,1300,2.53,許林翠粉,民主進步黨,2,N,
桃園縣,楊梅鎮,,0,0,9,1517,2.95,呂進芳,中國國民黨,1,Y,T
桃園縣,楊梅鎮,,0,0,10,3096,6.02,邱創良,中國國民黨,1,Y,T
桃園縣,楊梅鎮,,0,0,11,7444,14.48,陳進祥,中國國民黨,1,Y,T
桃園縣,楊梅鎮,,0,0,12,75,0.15,郭義輝,無,1,N,
桃園縣,楊梅鎮,,0,0,13,6314,12.28,許應舉,民主進步黨,1,N,
桃園縣,楊梅鎮,,0,0,14,1329,2.59,姜水浪,無,1,N,
桃園縣,蘆竹鄉,,0,0,1,2510,8.02,呂學琳,無,1,N,
桃園縣,蘆竹鄉,,0,0,2,731,2.34,彭添富,民主進步黨,1,Y,T
桃園縣,蘆竹鄉,,0,0,3,2504,8.00,林熺模,民主進步黨,1,N,
桃園縣,蘆竹鄉,,0,0,4,1787,5.71,藍照慶,無,1,N,
桃園縣,蘆竹鄉,,0,0,5,1110,3.55,鄭金鈴,中國國民黨,2,N,T
桃園縣,蘆竹鄉,,0,0,6,2811,8.98,黃木添,無,1,Y,T
桃園縣,蘆竹鄉,,0,0,7,2660,8.50,吳振寰,中國國民黨,1,N,
桃園縣,蘆竹鄉,,0,0,8,6901,22.05,許林翠粉,民主進步黨,2,N,
桃園縣,蘆竹鄉,,0,0,9,5105,16.31,呂進芳,中國國民黨,1,Y,T
桃園縣,蘆竹鄉,,0,0,10,2440,7.80,邱創良,中國國民黨,1,Y,T
桃園縣,蘆竹鄉,,0,0,11,1799,5.75,陳進祥,中國國民黨,1,Y,T
桃園縣,蘆竹鄉,,0,0,12,67,0.21,郭義輝,無,1,N,
桃園縣,蘆竹鄉,,0,0,13,787,2.52,許應舉,民主進步黨,1,N,
桃園縣,蘆竹鄉,,0,0,14,79,0.25,姜水浪,無,1,N,
桃園縣,大園鄉,,0,0,1,416,1.28,呂學琳,無,1,N,
桃園縣,大園鄉,,0,0,2,1323,4.06,彭添富,民主進步黨,1,Y,T
桃園縣,大園鄉,,0,0,3,1127,3.46,林熺模,民主進步黨,1,N,
桃園縣,大園鄉,,0,0,4,1328,4.07,藍照慶,無,1,N,
桃園縣,大園鄉,,0,0,5,1387,4.25,鄭金鈴,中國國民黨,2,N,T
桃園縣,大園鄉,,0,0,6,4776,14.65,黃木添,無,1,Y,T
桃園縣,大園鄉,,0,0,7,3213,9.85,吳振寰,中國國民黨,1,N,
桃園縣,大園鄉,,0,0,8,8679,26.62,許林翠粉,民主進步黨,2,N,
桃園縣,大園鄉,,0,0,9,3134,9.61,呂進芳,中國國民黨,1,Y,T
桃園縣,大園鄉,,0,0,10,2953,9.06,邱創良,中國國民黨,1,Y,T
桃園縣,大園鄉,,0,0,11,2933,9.00,陳進祥,中國國民黨,1,Y,T
桃園縣,大園鄉,,0,0,12,80,0.25,郭義輝,無,1,N,
桃園縣,大園鄉,,0,0,13,1100,3.37,許應舉,民主進步黨,1,N,
桃園縣,大園鄉,,0,0,14,157,0.48,姜水浪,無,1,N,
桃園縣,龜山鄉,,0,0,1,935,2.09,呂學琳,無,1,N,
桃園縣,龜山鄉,,0,0,2,1573,3.52,彭添富,民主進步黨,1,Y,T
桃園縣,龜山鄉,,0,0,3,5157,11.53,林熺模,民主進步黨,1,N,
桃園縣,龜山鄉,,0,0,4,4427,9.90,藍照慶,無,1,N,
桃園縣,龜山鄉,,0,0,5,2286,5.11,鄭金鈴,中國國民黨,2,N,T
桃園縣,龜山鄉,,0,0,6,4239,9.48,黃木添,無,1,Y,T
桃園縣,龜山鄉,,0,0,7,7510,16.80,吳振寰,中國國民黨,1,N,
桃園縣,龜山鄉,,0,0,8,3318,7.42,許林翠粉,民主進步黨,2,N,
桃園縣,龜山鄉,,0,0,9,9144,20.45,呂進芳,中國國民黨,1,Y,T
桃園縣,龜山鄉,,0,0,10,3307,7.40,邱創良,中國國民黨,1,Y,T
桃園縣,龜山鄉,,0,0,11,1017,2.27,陳進祥,中國國民黨,1,Y,T
桃園縣,龜山鄉,,0,0,12,129,0.29,郭義輝,無,1,N,
桃園縣,龜山鄉,,0,0,13,1591,3.56,許應舉,民主進步黨,1,N,
桃園縣,龜山鄉,,0,0,14,78,0.17,姜水浪,無,1,N,
桃園縣,八德市,,0,0,1,768,1.10,呂學琳,無,1,N,
桃園縣,八德市,,0,0,2,2536,3.64,彭添富,民主進步黨,1,Y,T
桃園縣,八德市,,0,0,3,5602,8.05,林熺模,民主進步黨,1,N,
桃園縣,八德市,,0,0,4,6496,9.33,藍照慶,無,1,N,
桃園縣,八德市,,0,0,5,4961,7.13,鄭金鈴,中國國民黨,2,N,T
桃園縣,八德市,,0,0,6,5328,7.66,黃木添,無,1,Y,T
桃園縣,八德市,,0,0,7,12049,17.31,吳振寰,中國國民黨,1,N,
桃園縣,八德市,,0,0,8,4122,5.92,許林翠粉,民主進步黨,2,N,
桃園縣,八德市,,0,0,9,13581,19.51,呂進芳,中國國民黨,1,Y,T
桃園縣,八德市,,0,0,10,9240,13.28,邱創良,中國國民黨,1,Y,T
桃園縣,八德市,,0,0,11,2137,3.07,陳進祥,中國國民黨,1,Y,T
桃園縣,八德市,,0,0,12,149,0.21,郭義輝,無,1,N,
桃園縣,八德市,,0,0,13,2516,3.62,許應舉,民主進步黨,1,N,
桃園縣,八德市,,0,0,14,111,0.16,姜水浪,無,1,N,
桃園縣,龍潭鄉,,0,0,1,223,0.52,呂學琳,無,1,N,
桃園縣,龍潭鄉,,0,0,2,5384,12.62,彭添富,民主進步黨,1,Y,T
桃園縣,龍潭鄉,,0,0,3,806,1.89,林熺模,民主進步黨,1,N,
桃園縣,龍潭鄉,,0,0,4,3656,8.57,藍照慶,無,1,N,
桃園縣,龍潭鄉,,0,0,5,5392,12.64,鄭金鈴,中國國民黨,2,N,T
桃園縣,龍潭鄉,,0,0,6,4157,9.75,黃木添,無,1,Y,T
桃園縣,龍潭鄉,,0,0,7,1996,4.68,吳振寰,中國國民黨,1,N,
桃園縣,龍潭鄉,,0,0,8,1615,3.79,許林翠粉,民主進步黨,2,N,
桃園縣,龍潭鄉,,0,0,9,1622,3.80,呂進芳,中國國民黨,1,Y,T
桃園縣,龍潭鄉,,0,0,10,11024,25.85,邱創良,中國國民黨,1,Y,T
桃園縣,龍潭鄉,,0,0,11,3316,7.77,陳進祥,中國國民黨,1,Y,T
桃園縣,龍潭鄉,,0,0,12,67,0.16,郭義輝,無,1,N,
桃園縣,龍潭鄉,,0,0,13,3260,7.64,許應舉,民主進步黨,1,N,
桃園縣,龍潭鄉,,0,0,14,133,0.31,姜水浪,無,1,N,
桃園縣,平鎮市,,0,0,1,242,0.32,呂學琳,無,1,N,
桃園縣,平鎮市,,0,0,2,9992,13.05,彭添富,民主進步黨,1,Y,T
桃園縣,平鎮市,,0,0,3,1383,1.81,林熺模,民主進步黨,1,N,
桃園縣,平鎮市,,0,0,4,5644,7.37,藍照慶,無,1,N,
桃園縣,平鎮市,,0,0,5,7044,9.20,鄭金鈴,中國國民黨,2,N,T
桃園縣,平鎮市,,0,0,6,6280,8.20,黃木添,無,1,Y,T
桃園縣,平鎮市,,0,0,7,1670,2.18,吳振寰,中國國民黨,1,N,
桃園縣,平鎮市,,0,0,8,1838,2.40,許林翠粉,民主進步黨,2,N,
桃園縣,平鎮市,,0,0,9,1882,2.46,呂進芳,中國國民黨,1,Y,T
桃園縣,平鎮市,,0,0,10,3104,4.05,邱創良,中國國民黨,1,Y,T
桃園縣,平鎮市,,0,0,11,26612,34.75,陳進祥,中國國民黨,1,Y,T
桃園縣,平鎮市,,0,0,12,104,0.14,郭義輝,無,1,N,
桃園縣,平鎮市,,0,0,13,10430,13.62,許應舉,民主進步黨,1,N,
桃園縣,平鎮市,,0,0,14,353,0.46,姜水浪,無,1,N,
桃園縣,新屋鄉,,0,0,1,132,0.51,呂學琳,無,1,N,
桃園縣,新屋鄉,,0,0,2,7611,29.38,彭添富,民主進步黨,1,Y,T
桃園縣,新屋鄉,,0,0,3,293,1.13,林熺模,民主進步黨,1,N,
桃園縣,新屋鄉,,0,0,4,516,1.99,藍照慶,無,1,N,
桃園縣,新屋鄉,,0,0,5,1770,6.83,鄭金鈴,中國國民黨,2,N,T
桃園縣,新屋鄉,,0,0,6,3557,13.73,黃木添,無,1,Y,T
桃園縣,新屋鄉,,0,0,7,930,3.59,吳振寰,中國國民黨,1,N,
桃園縣,新屋鄉,,0,0,8,1748,6.75,許林翠粉,民主進步黨,2,N,
桃園縣,新屋鄉,,0,0,9,1073,4.14,呂進芳,中國國民黨,1,Y,T
桃園縣,新屋鄉,,0,0,10,1630,6.29,邱創良,中國國民黨,1,Y,T
桃園縣,新屋鄉,,0,0,11,2595,10.02,陳進祥,中國國民黨,1,Y,T
桃園縣,新屋鄉,,0,0,12,56,0.22,郭義輝,無,1,N,
桃園縣,新屋鄉,,0,0,13,3590,13.86,許應舉,民主進步黨,1,N,
桃園縣,新屋鄉,,0,0,14,407,1.57,姜水浪,無,1,N,
桃園縣,觀音鄉,,0,0,1,178,0.72,呂學琳,無,1,N,
桃園縣,觀音鄉,,0,0,2,4763,19.30,彭添富,民主進步黨,1,Y,T
桃園縣,觀音鄉,,0,0,3,1158,4.69,林熺模,民主進步黨,1,N,
桃園縣,觀音鄉,,0,0,4,502,2.03,藍照慶,無,1,N,
桃園縣,觀音鄉,,0,0,5,1551,6.28,鄭金鈴,中國國民黨,2,N,T
桃園縣,觀音鄉,,0,0,6,2896,11.73,黃木添,無,1,Y,T
桃園縣,觀音鄉,,0,0,7,1681,6.81,吳振寰,中國國民黨,1,N,
桃園縣,觀音鄉,,0,0,8,2658,10.77,許林翠粉,民主進步黨,2,N,
桃園縣,觀音鄉,,0,0,9,1455,5.90,呂進芳,中國國民黨,1,Y,T
桃園縣,觀音鄉,,0,0,10,1992,8.07,邱創良,中國國民黨,1,Y,T
桃園縣,觀音鄉,,0,0,11,1344,5.45,陳進祥,中國國民黨,1,Y,T
桃園縣,觀音鄉,,0,0,12,83,0.34,郭義輝,無,1,N,
桃園縣,觀音鄉,,0,0,13,4300,17.42,許應舉,民主進步黨,1,N,
桃園縣,觀音鄉,,0,0,14,120,0.49,姜水浪,無,1,N,
桃園縣,復興鄉,,0,0,1,13,0.70,呂學琳,無,1,N,
桃園縣,復興鄉,,0,0,2,108,5.85,彭添富,民主進步黨,1,Y,T
桃園縣,復興鄉,,0,0,3,114,6.17,林熺模,民主進步黨,1,N,
桃園縣,復興鄉,,0,0,4,64,3.47,藍照慶,無,1,N,
桃園縣,復興鄉,,0,0,5,145,7.85,鄭金鈴,中國國民黨,2,N,T
桃園縣,復興鄉,,0,0,6,194,10.50,黃木添,無,1,Y,T
桃園縣,復興鄉,,0,0,7,433,23.44,吳振寰,中國國民黨,1,N,
桃園縣,復興鄉,,0,0,8,68,3.68,許林翠粉,民主進步黨,2,N,
桃園縣,復興鄉,,0,0,9,256,13.86,呂進芳,中國國民黨,1,Y,T
桃園縣,復興鄉,,0,0,10,331,17.92,邱創良,中國國民黨,1,Y,T
桃園縣,復興鄉,,0,0,11,68,3.68,陳進祥,中國國民黨,1,Y,T
桃園縣,復興鄉,,0,0,12,8,0.43,郭義輝,無,1,N,
桃園縣,復興鄉,,0,0,13,41,2.22,許應舉,民主進步黨,1,N,
桃園縣,復興鄉,,0,0,14,4,0.22,姜水浪,無,1,N,
新竹縣,竹北市,,0,0,1,403,1.15,李庭堦,無,1,N,
新竹縣,竹北市,,0,0,2,240,0.68,萬榮河,無,1,N,
新竹縣,竹北市,,0,0,3,9503,27.00,張學舜,民主進步黨,1,N,T
新竹縣,竹北市,,0,0,4,12639,35.91,吳俊岸,中國國民黨,1,N,
新竹縣,竹北市,,0,0,5,12408,35.26,邱鏡淳,中國國民黨,1,N,T
新竹縣,竹東鎮,,0,0,1,209,0.52,李庭堦,無,1,N,
新竹縣,竹東鎮,,0,0,2,1252,3.12,萬榮河,無,1,N,
新竹縣,竹東鎮,,0,0,3,11014,27.45,張學舜,民主進步黨,1,N,T
新竹縣,竹東鎮,,0,0,4,3709,9.24,吳俊岸,中國國民黨,1,N,
新竹縣,竹東鎮,,0,0,5,23937,59.66,邱鏡淳,中國國民黨,1,N,T
新竹縣,新埔鎮,,0,0,1,160,0.86,李庭堦,無,1,N,
新竹縣,新埔鎮,,0,0,2,127,0.69,萬榮河,無,1,N,
新竹縣,新埔鎮,,0,0,3,7618,41.14,張學舜,民主進步黨,1,N,T
新竹縣,新埔鎮,,0,0,4,4452,24.04,吳俊岸,中國國民黨,1,N,
新竹縣,新埔鎮,,0,0,5,6159,33.26,邱鏡淳,中國國民黨,1,N,T
新竹縣,關西鎮,,0,0,1,88,0.49,李庭堦,無,1,N,
新竹縣,關西鎮,,0,0,2,113,0.63,萬榮河,無,1,N,
新竹縣,關西鎮,,0,0,3,5685,31.77,張學舜,民主進步黨,1,N,T
新竹縣,關西鎮,,0,0,4,2734,15.28,吳俊岸,中國國民黨,1,N,
新竹縣,關西鎮,,0,0,5,9277,51.84,邱鏡淳,中國國民黨,1,N,T
新竹縣,湖口鄉,,0,0,1,180,0.62,李庭堦,無,1,N,
新竹縣,湖口鄉,,0,0,2,170,0.58,萬榮河,無,1,N,
新竹縣,湖口鄉,,0,0,3,8594,29.46,張學舜,民主進步黨,1,N,T
新竹縣,湖口鄉,,0,0,4,7585,26.00,吳俊岸,中國國民黨,1,N,
新竹縣,湖口鄉,,0,0,5,12647,43.35,邱鏡淳,中國國民黨,1,N,T
新竹縣,新豐鄉,,0,0,1,116,0.60,李庭堦,無,1,N,
新竹縣,新豐鄉,,0,0,2,90,0.46,萬榮河,無,1,N,
新竹縣,新豐鄉,,0,0,3,5179,26.66,張學舜,民主進步黨,1,N,T
新竹縣,新豐鄉,,0,0,4,9760,50.24,吳俊岸,中國國民黨,1,N,
新竹縣,新豐鄉,,0,0,5,4282,22.04,邱鏡淳,中國國民黨,1,N,T
新竹縣,芎林鄉,,0,0,1,65,0.66,李庭堦,無,1,N,
新竹縣,芎林鄉,,0,0,2,95,0.96,萬榮河,無,1,N,
新竹縣,芎林鄉,,0,0,3,2898,29.37,張學舜,民主進步黨,1,N,T
新竹縣,芎林鄉,,0,0,4,1412,14.31,吳俊岸,中國國民黨,1,N,
新竹縣,芎林鄉,,0,0,5,5397,54.70,邱鏡淳,中國國民黨,1,N,T
新竹縣,橫山鄉,,0,0,1,64,0.73,李庭堦,無,1,N,
新竹縣,橫山鄉,,0,0,2,76,0.86,萬榮河,無,1,N,
新竹縣,橫山鄉,,0,0,3,2225,25.28,張學舜,民主進步黨,1,N,T
新竹縣,橫山鄉,,0,0,4,997,11.33,吳俊岸,中國國民黨,1,N,
新竹縣,橫山鄉,,0,0,5,5439,61.80,邱鏡淳,中國國民黨,1,N,T
新竹縣,北埔鄉,,0,0,1,33,0.55,李庭堦,無,1,N,
新竹縣,北埔鄉,,0,0,2,60,1.00,萬榮河,無,1,N,
新竹縣,北埔鄉,,0,0,3,1868,31.00,張學舜,民主進步黨,1,N,T
新竹縣,北埔鄉,,0,0,4,599,9.94,吳俊岸,中國國民黨,1,N,
新竹縣,北埔鄉,,0,0,5,3465,57.51,邱鏡淳,中國國民黨,1,N,T
新竹縣,寶山鄉,,0,0,1,61,0.98,李庭堦,無,1,N,
新竹縣,寶山鄉,,0,0,2,72,1.16,萬榮河,無,1,N,
新竹縣,寶山鄉,,0,0,3,1268,20.42,張學舜,民主進步黨,1,N,T
新竹縣,寶山鄉,,0,0,4,554,8.92,吳俊岸,中國國民黨,1,N,
新竹縣,寶山鄉,,0,0,5,4256,68.52,邱鏡淳,中國國民黨,1,N,T
新竹縣,峨眉鄉,,0,0,1,24,0.60,李庭堦,無,1,N,
新竹縣,峨眉鄉,,0,0,2,34,0.85,萬榮河,無,1,N,
新竹縣,峨眉鄉,,0,0,3,1171,29.25,張學舜,民主進步黨,1,N,T
新竹縣,峨眉鄉,,0,0,4,429,10.71,吳俊岸,中國國民黨,1,N,
新竹縣,峨眉鄉,,0,0,5,2346,58.59,邱鏡淳,中國國民黨,1,N,T
新竹縣,尖石鄉,,0,0,1,4,0.52,李庭堦,無,1,N,
新竹縣,尖石鄉,,0,0,2,10,1.29,萬榮河,無,1,N,
新竹縣,尖石鄉,,0,0,3,154,19.90,張學舜,民主進步黨,1,N,T
新竹縣,尖石鄉,,0,0,4,116,14.99,吳俊岸,中國國民黨,1,N,
新竹縣,尖石鄉,,0,0,5,490,63.31,邱鏡淳,中國國民黨,1,N,T
新竹縣,五峰鄉,,0,0,1,2,0.79,李庭堦,無,1,N,
新竹縣,五峰鄉,,0,0,2,5,1.98,萬榮河,無,1,N,
新竹縣,五峰鄉,,0,0,3,62,24.60,張學舜,民主進步黨,1,N,T
新竹縣,五峰鄉,,0,0,4,56,22.22,吳俊岸,中國國民黨,1,N,
新竹縣,五峰鄉,,0,0,5,127,50.40,邱鏡淳,中國國民黨,1,N,T
苗栗縣,苗栗市,,0,0,1,5049,11.09,傅文政,民主進步黨,1,Y,
苗栗縣,苗栗市,,0,0,2,5256,11.54,李森永,無,1,N,
苗栗縣,苗栗市,,0,0,3,571,1.25,顏培元,無,1,N,
苗栗縣,苗栗市,,0,0,4,578,1.27,陳秀龍,無,1,N,
苗栗縣,苗栗市,,0,0,5,16140,35.45,傅學鵬,中國國民黨,1,N,T
苗栗縣,苗栗市,,0,0,6,5606,12.31,林久翔,中國國民黨,1,N,T
苗栗縣,苗栗市,,0,0,7,2259,4.96,羅幸春,無,1,N,
苗栗縣,苗栗市,,0,0,8,97,0.21,葉武生,無,1,N,
苗栗縣,苗栗市,,0,0,9,4632,10.17,杜文卿,民主進步黨,1,N,
苗栗縣,苗栗市,,0,0,10,5345,11.74,陳超明,中國國民黨,1,N,T
苗栗縣,苑裡鎮,,0,0,1,5684,22.83,傅文政,民主進步黨,1,Y,
苗栗縣,苑裡鎮,,0,0,2,1023,4.11,李森永,無,1,N,
苗栗縣,苑裡鎮,,0,0,3,293,1.18,顏培元,無,1,N,
苗栗縣,苑裡鎮,,0,0,4,171,0.69,陳秀龍,無,1,N,
苗栗縣,苑裡鎮,,0,0,5,2446,9.82,傅學鵬,中國國民黨,1,N,T
苗栗縣,苑裡鎮,,0,0,6,5263,21.14,林久翔,中國國民黨,1,N,T
苗栗縣,苑裡鎮,,0,0,7,281,1.13,羅幸春,無,1,N,
苗栗縣,苑裡鎮,,0,0,8,41,0.16,葉武生,無,1,N,
苗栗縣,苑裡鎮,,0,0,9,3042,12.22,杜文卿,民主進步黨,1,N,
苗栗縣,苑裡鎮,,0,0,10,6652,26.72,陳超明,中國國民黨,1,N,T
苗栗縣,通霄鎮,,0,0,1,2770,12.27,傅文政,民主進步黨,1,Y,
苗栗縣,通霄鎮,,0,0,2,3681,16.31,李森永,無,1,N,
苗栗縣,通霄鎮,,0,0,3,235,1.04,顏培元,無,1,N,
苗栗縣,通霄鎮,,0,0,4,193,0.85,陳秀龍,無,1,N,
苗栗縣,通霄鎮,,0,0,5,3022,13.39,傅學鵬,中國國民黨,1,N,T
苗栗縣,通霄鎮,,0,0,6,3130,13.86,林久翔,中國國民黨,1,N,T
苗栗縣,通霄鎮,,0,0,7,356,1.58,羅幸春,無,1,N,
苗栗縣,通霄鎮,,0,0,8,62,0.27,葉武生,無,1,N,
苗栗縣,通霄鎮,,0,0,9,3825,16.94,杜文卿,民主進步黨,1,N,
苗栗縣,通霄鎮,,0,0,10,5301,23.48,陳超明,中國國民黨,1,N,T
苗栗縣,竹南鎮,,0,0,1,3922,11.72,傅文政,民主進步黨,1,Y,
苗栗縣,竹南鎮,,0,0,2,510,1.52,李森永,無,1,N,
苗栗縣,竹南鎮,,0,0,3,830,2.48,顏培元,無,1,N,
苗栗縣,竹南鎮,,0,0,4,915,2.73,陳秀龍,無,1,N,
苗栗縣,竹南鎮,,0,0,5,2384,7.13,傅學鵬,中國國民黨,1,N,T
苗栗縣,竹南鎮,,0,0,6,3335,9.97,林久翔,中國國民黨,1,N,T
苗栗縣,竹南鎮,,0,0,7,822,2.46,羅幸春,無,1,N,
苗栗縣,竹南鎮,,0,0,8,1000,2.99,葉武生,無,1,N,
苗栗縣,竹南鎮,,0,0,9,1019,3.05,杜文卿,民主進步黨,1,N,
苗栗縣,竹南鎮,,0,0,10,18720,55.95,陳超明,中國國民黨,1,N,T
苗栗縣,頭份鎮,,0,0,1,3822,9.42,傅文政,民主進步黨,1,Y,
苗栗縣,頭份鎮,,0,0,2,2384,5.88,李森永,無,1,N,
苗栗縣,頭份鎮,,0,0,3,549,1.35,顏培元,無,1,N,
苗栗縣,頭份鎮,,0,0,4,12799,31.55,陳秀龍,無,1,N,
苗栗縣,頭份鎮,,0,0,5,2168,5.34,傅學鵬,中國國民黨,1,N,T
苗栗縣,頭份鎮,,0,0,6,11088,27.33,林久翔,中國國民黨,1,N,T
苗栗縣,頭份鎮,,0,0,7,2501,6.16,羅幸春,無,1,N,
苗栗縣,頭份鎮,,0,0,8,130,0.32,葉武生,無,1,N,
苗栗縣,頭份鎮,,0,0,9,991,2.44,杜文卿,民主進步黨,1,N,
苗栗縣,頭份鎮,,0,0,10,4139,10.20,陳超明,中國國民黨,1,N,T
苗栗縣,後龍鎮,,0,0,1,2544,11.67,傅文政,民主進步黨,1,Y,
苗栗縣,後龍鎮,,0,0,2,1182,5.42,李森永,無,1,N,
苗栗縣,後龍鎮,,0,0,3,293,1.34,顏培元,無,1,N,
苗栗縣,後龍鎮,,0,0,4,223,1.02,陳秀龍,無,1,N,
苗栗縣,後龍鎮,,0,0,5,3366,15.44,傅學鵬,中國國民黨,1,N,T
苗栗縣,後龍鎮,,0,0,6,1709,7.84,林久翔,中國國民黨,1,N,T
苗栗縣,後龍鎮,,0,0,7,750,3.44,羅幸春,無,1,N,
苗栗縣,後龍鎮,,0,0,8,262,1.20,葉武生,無,1,N,
苗栗縣,後龍鎮,,0,0,9,2456,11.27,杜文卿,民主進步黨,1,N,
苗栗縣,後龍鎮,,0,0,10,9013,41.35,陳超明,中國國民黨,1,N,T
苗栗縣,卓蘭鎮,,0,0,1,1399,12.48,傅文政,民主進步黨,1,Y,
苗栗縣,卓蘭鎮,,0,0,2,419,3.74,李森永,無,1,N,
苗栗縣,卓蘭鎮,,0,0,3,74,0.66,顏培元,無,1,N,
苗栗縣,卓蘭鎮,,0,0,4,99,0.88,陳秀龍,無,1,N,
苗栗縣,卓蘭鎮,,0,0,5,2435,21.72,傅學鵬,中國國民黨,1,N,T
苗栗縣,卓蘭鎮,,0,0,6,1793,15.99,林久翔,中國國民黨,1,N,T
苗栗縣,卓蘭鎮,,0,0,7,799,7.13,羅幸春,無,1,N,
苗栗縣,卓蘭鎮,,0,0,8,17,0.15,葉武生,無,1,N,
苗栗縣,卓蘭鎮,,0,0,9,719,6.41,杜文卿,民主進步黨,1,N,
苗栗縣,卓蘭鎮,,0,0,10,3459,30.85,陳超明,中國國民黨,1,N,T
苗栗縣,大湖鄉,,0,0,1,924,9.19,傅文政,民主進步黨,1,Y,
苗栗縣,大湖鄉,,0,0,2,575,5.72,李森永,無,1,N,
苗栗縣,大湖鄉,,0,0,3,89,0.89,顏培元,無,1,N,
苗栗縣,大湖鄉,,0,0,4,108,1.07,陳秀龍,無,1,N,
苗栗縣,大湖鄉,,0,0,5,2833,28.19,傅學鵬,中國國民黨,1,N,T
苗栗縣,大湖鄉,,0,0,6,1736,17.27,林久翔,中國國民黨,1,N,T
苗栗縣,大湖鄉,,0,0,7,733,7.29,羅幸春,無,1,N,
苗栗縣,大湖鄉,,0,0,8,22,0.22,葉武生,無,1,N,
苗栗縣,大湖鄉,,0,0,9,422,4.20,杜文卿,民主進步黨,1,N,
苗栗縣,大湖鄉,,0,0,10,2608,25.95,陳超明,中國國民黨,1,N,T
苗栗縣,公館鄉,,0,0,1,2052,11.15,傅文政,民主進步黨,1,Y,
苗栗縣,公館鄉,,0,0,2,990,5.38,李森永,無,1,N,
苗栗縣,公館鄉,,0,0,3,95,0.52,顏培元,無,1,N,
苗栗縣,公館鄉,,0,0,4,177,0.96,陳秀龍,無,1,N,
苗栗縣,公館鄉,,0,0,5,11546,62.72,傅學鵬,中國國民黨,1,N,T
苗栗縣,公館鄉,,0,0,6,478,2.60,林久翔,中國國民黨,1,N,T
苗栗縣,公館鄉,,0,0,7,450,2.44,羅幸春,無,1,N,
苗栗縣,公館鄉,,0,0,8,14,0.08,葉武生,無,1,N,
苗栗縣,公館鄉,,0,0,9,786,4.27,杜文卿,民主進步黨,1,N,
苗栗縣,公館鄉,,0,0,10,1822,9.90,陳超明,中國國民黨,1,N,T
苗栗縣,銅鑼鄉,,0,0,1,1239,11.03,傅文政,民主進步黨,1,Y,
苗栗縣,銅鑼鄉,,0,0,2,1065,9.48,李森永,無,1,N,
苗栗縣,銅鑼鄉,,0,0,3,137,1.22,顏培元,無,1,N,
苗栗縣,銅鑼鄉,,0,0,4,103,0.92,陳秀龍,無,1,N,
苗栗縣,銅鑼鄉,,0,0,5,4130,36.75,傅學鵬,中國國民黨,1,N,T
苗栗縣,銅鑼鄉,,0,0,6,1335,11.88,林久翔,中國國民黨,1,N,T
苗栗縣,銅鑼鄉,,0,0,7,336,2.99,羅幸春,無,1,N,
苗栗縣,銅鑼鄉,,0,0,8,14,0.12,葉武生,無,1,N,
苗栗縣,銅鑼鄉,,0,0,9,501,4.46,杜文卿,民主進步黨,1,N,
苗栗縣,銅鑼鄉,,0,0,10,2378,21.16,陳超明,中國國民黨,1,N,T
苗栗縣,南庄鄉,,0,0,1,724,11.29,傅文政,民主進步黨,1,Y,
苗栗縣,南庄鄉,,0,0,2,406,6.33,李森永,無,1,N,
苗栗縣,南庄鄉,,0,0,3,56,0.87,顏培元,無,1,N,
苗栗縣,南庄鄉,,0,0,4,769,11.99,陳秀龍,無,1,N,
苗栗縣,南庄鄉,,0,0,5,529,8.25,傅學鵬,中國國民黨,1,N,T
苗栗縣,南庄鄉,,0,0,6,2474,38.57,林久翔,中國國民黨,1,N,T
苗栗縣,南庄鄉,,0,0,7,194,3.02,羅幸春,無,1,N,
苗栗縣,南庄鄉,,0,0,8,11,0.17,葉武生,無,1,N,
苗栗縣,南庄鄉,,0,0,9,213,3.32,杜文卿,民主進步黨,1,N,
苗栗縣,南庄鄉,,0,0,10,1039,16.20,陳超明,中國國民黨,1,N,T
苗栗縣,頭屋鄉,,0,0,1,535,7.77,傅文政,民主進步黨,1,Y,
苗栗縣,頭屋鄉,,0,0,2,1214,17.64,李森永,無,1,N,
苗栗縣,頭屋鄉,,0,0,3,68,0.99,顏培元,無,1,N,
苗栗縣,頭屋鄉,,0,0,4,126,1.83,陳秀龍,無,1,N,
苗栗縣,頭屋鄉,,0,0,5,2111,30.67,傅學鵬,中國國民黨,1,N,T
苗栗縣,頭屋鄉,,0,0,6,648,9.41,林久翔,中國國民黨,1,N,T
苗栗縣,頭屋鄉,,0,0,7,765,11.11,羅幸春,無,1,N,
苗栗縣,頭屋鄉,,0,0,8,26,0.38,葉武生,無,1,N,
苗栗縣,頭屋鄉,,0,0,9,432,6.28,杜文卿,民主進步黨,1,N,
苗栗縣,頭屋鄉,,0,0,10,958,13.92,陳超明,中國國民黨,1,N,T
苗栗縣,三義鄉,,0,0,1,871,9.33,傅文政,民主進步黨,1,Y,
苗栗縣,三義鄉,,0,0,2,925,9.91,李森永,無,1,N,
苗栗縣,三義鄉,,0,0,3,106,1.14,顏培元,無,1,N,
苗栗縣,三義鄉,,0,0,4,145,1.55,陳秀龍,無,1,N,
苗栗縣,三義鄉,,0,0,5,2783,29.82,傅學鵬,中國國民黨,1,N,T
苗栗縣,三義鄉,,0,0,6,1091,11.69,林久翔,中國國民黨,1,N,T
苗栗縣,三義鄉,,0,0,7,188,2.01,羅幸春,無,1,N,
苗栗縣,三義鄉,,0,0,8,13,0.14,葉武生,無,1,N,
苗栗縣,三義鄉,,0,0,9,674,7.22,杜文卿,民主進步黨,1,N,
苗栗縣,三義鄉,,0,0,10,2536,27.18,陳超明,中國國民黨,1,N,T
苗栗縣,西湖鄉,,0,0,1,460,8.78,傅文政,民主進步黨,1,Y,
苗栗縣,西湖鄉,,0,0,2,857,16.35,李森永,無,1,N,
苗栗縣,西湖鄉,,0,0,3,62,1.18,顏培元,無,1,N,
苗栗縣,西湖鄉,,0,0,4,62,1.18,陳秀龍,無,1,N,
苗栗縣,西湖鄉,,0,0,5,1707,32.57,傅學鵬,中國國民黨,1,N,T
苗栗縣,西湖鄉,,0,0,6,588,11.22,林久翔,中國國民黨,1,N,T
苗栗縣,西湖鄉,,0,0,7,92,1.76,羅幸春,無,1,N,
苗栗縣,西湖鄉,,0,0,8,5,0.10,葉武生,無,1,N,
苗栗縣,西湖鄉,,0,0,9,292,5.57,杜文卿,民主進步黨,1,N,
苗栗縣,西湖鄉,,0,0,10,1116,21.29,陳超明,中國國民黨,1,N,T
苗栗縣,造橋鄉,,0,0,1,660,8.17,傅文政,民主進步黨,1,Y,
苗栗縣,造橋鄉,,0,0,2,215,2.66,李森永,無,1,N,
苗栗縣,造橋鄉,,0,0,3,80,0.99,顏培元,無,1,N,
苗栗縣,造橋鄉,,0,0,4,299,3.70,陳秀龍,無,1,N,
苗栗縣,造橋鄉,,0,0,5,363,4.49,傅學鵬,中國國民黨,1,N,T
苗栗縣,造橋鄉,,0,0,6,812,10.05,林久翔,中國國民黨,1,N,T
苗栗縣,造橋鄉,,0,0,7,2446,30.28,羅幸春,無,1,N,
苗栗縣,造橋鄉,,0,0,8,37,0.46,葉武生,無,1,N,
苗栗縣,造橋鄉,,0,0,9,198,2.45,杜文卿,民主進步黨,1,N,
苗栗縣,造橋鄉,,0,0,10,2968,36.74,陳超明,中國國民黨,1,N,T
苗栗縣,三灣鄉,,0,0,1,536,11.09,傅文政,民主進步黨,1,Y,
苗栗縣,三灣鄉,,0,0,2,263,5.44,李森永,無,1,N,
苗栗縣,三灣鄉,,0,0,3,46,0.95,顏培元,無,1,N,
苗栗縣,三灣鄉,,0,0,4,684,14.15,陳秀龍,無,1,N,
苗栗縣,三灣鄉,,0,0,5,286,5.92,傅學鵬,中國國民黨,1,N,T
苗栗縣,三灣鄉,,0,0,6,1726,35.71,林久翔,中國國民黨,1,N,T
苗栗縣,三灣鄉,,0,0,7,224,4.63,羅幸春,無,1,N,
苗栗縣,三灣鄉,,0,0,8,21,0.43,葉武生,無,1,N,
苗栗縣,三灣鄉,,0,0,9,191,3.95,杜文卿,民主進步黨,1,N,
苗栗縣,三灣鄉,,0,0,10,857,17.73,陳超明,中國國民黨,1,N,T
苗栗縣,獅潭鄉,,0,0,1,256,7.63,傅文政,民主進步黨,1,Y,
苗栗縣,獅潭鄉,,0,0,2,335,9.99,李森永,無,1,N,
苗栗縣,獅潭鄉,,0,0,3,41,1.22,顏培元,無,1,N,
苗栗縣,獅潭鄉,,0,0,4,322,9.60,陳秀龍,無,1,N,
苗栗縣,獅潭鄉,,0,0,5,929,27.69,傅學鵬,中國國民黨,1,N,T
苗栗縣,獅潭鄉,,0,0,6,549,16.36,林久翔,中國國民黨,1,N,T
苗栗縣,獅潭鄉,,0,0,7,100,2.98,羅幸春,無,1,N,
苗栗縣,獅潭鄉,,0,0,8,10,0.30,葉武生,無,1,N,
苗栗縣,獅潭鄉,,0,0,9,101,3.01,杜文卿,民主進步黨,1,N,
苗栗縣,獅潭鄉,,0,0,10,712,21.22,陳超明,中國國民黨,1,N,T
苗栗縣,泰安鄉,,0,0,1,97,8.40,傅文政,民主進步黨,1,Y,
苗栗縣,泰安鄉,,0,0,2,133,11.52,李森永,無,1,N,
苗栗縣,泰安鄉,,0,0,3,5,0.43,顏培元,無,1,N,
苗栗縣,泰安鄉,,0,0,4,13,1.13,陳秀龍,無,1,N,
苗栗縣,泰安鄉,,0,0,5,245,21.21,傅學鵬,中國國民黨,1,N,T
苗栗縣,泰安鄉,,0,0,6,238,20.61,林久翔,中國國民黨,1,N,T
苗栗縣,泰安鄉,,0,0,7,16,1.39,羅幸春,無,1,N,
苗栗縣,泰安鄉,,0,0,8,3,0.26,葉武生,無,1,N,
苗栗縣,泰安鄉,,0,0,9,36,3.12,杜文卿,民主進步黨,1,N,
苗栗縣,泰安鄉,,0,0,10,369,31.95,陳超明,中國國民黨,1,N,T
臺中縣,豐原市,,0,0,1,13770,17.99,楊文欣,中國國民黨,1,Y,T
臺中縣,豐原市,,0,0,2,4314,5.64,楊瓊瓔,中國國民黨,2,Y,T
臺中縣,豐原市,,0,0,3,10020,13.09,劉銓忠,中國國民黨,1,Y,T
臺中縣,豐原市,,0,0,4,4176,5.46,顏清標,無,1,N,T
臺中縣,豐原市,,0,0,5,423,0.55,林淑滿,無,2,N,
臺中縣,豐原市,,0,0,6,9140,11.94,郭榮振,中國國民黨,1,Y,T
臺中縣,豐原市,,0,0,7,8659,11.31,陳鴻榮,民主進步黨,1,N,
臺中縣,豐原市,,0,0,8,2462,3.22,林炳耀,無,1,N,
臺中縣,豐原市,,0,0,9,6237,8.15,廖美珍,中國國民黨,2,N,
臺中縣,豐原市,,0,0,10,17327,22.64,郭俊銘,民主進步黨,1,N,T
臺中縣,東勢鎮,,0,0,1,5252,16.57,楊文欣,中國國民黨,1,Y,T
臺中縣,東勢鎮,,0,0,2,1038,3.28,楊瓊瓔,中國國民黨,2,Y,T
臺中縣,東勢鎮,,0,0,3,1757,5.54,劉銓忠,中國國民黨,1,Y,T
臺中縣,東勢鎮,,0,0,4,2349,7.41,顏清標,無,1,N,T
臺中縣,東勢鎮,,0,0,5,99,0.31,林淑滿,無,2,N,
臺中縣,東勢鎮,,0,0,6,1806,5.70,郭榮振,中國國民黨,1,Y,T
臺中縣,東勢鎮,,0,0,7,445,1.40,陳鴻榮,民主進步黨,1,N,
臺中縣,東勢鎮,,0,0,8,176,0.56,林炳耀,無,1,N,
臺中縣,東勢鎮,,0,0,9,11561,36.48,廖美珍,中國國民黨,2,N,
臺中縣,東勢鎮,,0,0,10,7206,22.74,郭俊銘,民主進步黨,1,N,T
臺中縣,大甲鎮,,0,0,1,4846,12.73,楊文欣,中國國民黨,1,Y,T
臺中縣,大甲鎮,,0,0,2,1732,4.55,楊瓊瓔,中國國民黨,2,Y,T
臺中縣,大甲鎮,,0,0,3,11096,29.14,劉銓忠,中國國民黨,1,Y,T
臺中縣,大甲鎮,,0,0,4,3944,10.36,顏清標,無,1,N,T
臺中縣,大甲鎮,,0,0,5,160,0.42,林淑滿,無,2,N,
臺中縣,大甲鎮,,0,0,6,8555,22.47,郭榮振,中國國民黨,1,Y,T
臺中縣,大甲鎮,,0,0,7,2068,5.43,陳鴻榮,民主進步黨,1,N,
臺中縣,大甲鎮,,0,0,8,762,2.00,林炳耀,無,1,N,
臺中縣,大甲鎮,,0,0,9,586,1.54,廖美珍,中國國民黨,2,N,
臺中縣,大甲鎮,,0,0,10,4325,11.36,郭俊銘,民主進步黨,1,N,T
臺中縣,清水鎮,,0,0,1,6525,15.41,楊文欣,中國國民黨,1,Y,T
臺中縣,清水鎮,,0,0,2,7762,18.34,楊瓊瓔,中國國民黨,2,Y,T
臺中縣,清水鎮,,0,0,3,8666,20.47,劉銓忠,中國國民黨,1,Y,T
臺中縣,清水鎮,,0,0,4,4720,11.15,顏清標,無,1,N,T
臺中縣,清水鎮,,0,0,5,176,0.42,林淑滿,無,2,N,
臺中縣,清水鎮,,0,0,6,5282,12.48,郭榮振,中國國民黨,1,Y,T
臺中縣,清水鎮,,0,0,7,3409,8.05,陳鴻榮,民主進步黨,1,N,
臺中縣,清水鎮,,0,0,8,847,2.00,林炳耀,無,1,N,
臺中縣,清水鎮,,0,0,9,701,1.66,廖美珍,中國國民黨,2,N,
臺中縣,清水鎮,,0,0,10,4244,10.03,郭俊銘,民主進步黨,1,N,T
臺中縣,沙鹿鎮,,0,0,1,2952,8.67,楊文欣,中國國民黨,1,Y,T
臺中縣,沙鹿鎮,,0,0,2,5219,15.33,楊瓊瓔,中國國民黨,2,Y,T
臺中縣,沙鹿鎮,,0,0,3,4955,14.56,劉銓忠,中國國民黨,1,Y,T
臺中縣,沙鹿鎮,,0,0,4,12729,37.39,顏清標,無,1,N,T
臺中縣,沙鹿鎮,,0,0,5,132,0.39,林淑滿,無,2,N,
臺中縣,沙鹿鎮,,0,0,6,1484,4.36,郭榮振,中國國民黨,1,Y,T
臺中縣,沙鹿鎮,,0,0,7,2325,6.83,陳鴻榮,民主進步黨,1,N,
臺中縣,沙鹿鎮,,0,0,8,763,2.24,林炳耀,無,1,N,
臺中縣,沙鹿鎮,,0,0,9,951,2.79,廖美珍,中國國民黨,2,N,
臺中縣,沙鹿鎮,,0,0,10,2533,7.44,郭俊銘,民主進步黨,1,N,T
臺中縣,梧棲鎮,,0,0,1,1684,7.62,楊文欣,中國國民黨,1,Y,T
臺中縣,梧棲鎮,,0,0,2,7101,32.13,楊瓊瓔,中國國民黨,2,Y,T
臺中縣,梧棲鎮,,0,0,3,2541,11.50,劉銓忠,中國國民黨,1,Y,T
臺中縣,梧棲鎮,,0,0,4,3810,17.24,顏清標,無,1,N,T
臺中縣,梧棲鎮,,0,0,5,81,0.37,林淑滿,無,2,N,
臺中縣,梧棲鎮,,0,0,6,1160,5.25,郭榮振,中國國民黨,1,Y,T
臺中縣,梧棲鎮,,0,0,7,1930,8.73,陳鴻榮,民主進步黨,1,N,
臺中縣,梧棲鎮,,0,0,8,525,2.38,林炳耀,無,1,N,
臺中縣,梧棲鎮,,0,0,9,1533,6.94,廖美珍,中國國民黨,2,N,
臺中縣,梧棲鎮,,0,0,10,1734,7.85,郭俊銘,民主進步黨,1,N,T
臺中縣,后里鄉,,0,0,1,3379,11.71,楊文欣,中國國民黨,1,Y,T
臺中縣,后里鄉,,0,0,2,2351,8.15,楊瓊瓔,中國國民黨,2,Y,T
臺中縣,后里鄉,,0,0,3,7238,25.08,劉銓忠,中國國民黨,1,Y,T
臺中縣,后里鄉,,0,0,4,2337,8.10,顏清標,無,1,N,T
臺中縣,后里鄉,,0,0,5,159,0.55,林淑滿,無,2,N,
臺中縣,后里鄉,,0,0,6,5704,19.77,郭榮振,中國國民黨,1,Y,T
臺中縣,后里鄉,,0,0,7,2170,7.52,陳鴻榮,民主進步黨,1,N,
臺中縣,后里鄉,,0,0,8,522,1.81,林炳耀,無,1,N,
臺中縣,后里鄉,,0,0,9,1309,4.54,廖美珍,中國國民黨,2,N,
臺中縣,后里鄉,,0,0,10,3688,12.78,郭俊銘,民主進步黨,1,N,T
臺中縣,神岡鄉,,0,0,1,6003,20.72,楊文欣,中國國民黨,1,Y,T
臺中縣,神岡鄉,,0,0,2,2073,7.16,楊瓊瓔,中國國民黨,2,Y,T
臺中縣,神岡鄉,,0,0,3,4281,14.78,劉銓忠,中國國民黨,1,Y,T
臺中縣,神岡鄉,,0,0,4,797,2.75,顏清標,無,1,N,T
臺中縣,神岡鄉,,0,0,5,179,0.62,林淑滿,無,2,N,
臺中縣,神岡鄉,,0,0,6,5429,18.74,郭榮振,中國國民黨,1,Y,T
臺中縣,神岡鄉,,0,0,7,2293,7.92,陳鴻榮,民主進步黨,1,N,
臺中縣,神岡鄉,,0,0,8,734,2.53,林炳耀,無,1,N,
臺中縣,神岡鄉,,0,0,9,1422,4.91,廖美珍,中國國民黨,2,N,
臺中縣,神岡鄉,,0,0,10,5756,19.87,郭俊銘,民主進步黨,1,N,T
臺中縣,潭子鄉,,0,0,1,5581,16.36,楊文欣,中國國民黨,1,Y,T
臺中縣,潭子鄉,,0,0,2,4348,12.75,楊瓊瓔,中國國民黨,2,Y,T
臺中縣,潭子鄉,,0,0,3,4471,13.11,劉銓忠,中國國民黨,1,Y,T
臺中縣,潭子鄉,,0,0,4,2719,7.97,顏清標,無,1,N,T
臺中縣,潭子鄉,,0,0,5,269,0.79,林淑滿,無,2,N,
臺中縣,潭子鄉,,0,0,6,3565,10.45,郭榮振,中國國民黨,1,Y,T
臺中縣,潭子鄉,,0,0,7,2904,8.51,陳鴻榮,民主進步黨,1,N,
臺中縣,潭子鄉,,0,0,8,1056,3.10,林炳耀,無,1,N,
臺中縣,潭子鄉,,0,0,9,2912,8.54,廖美珍,中國國民黨,2,N,
臺中縣,潭子鄉,,0,0,10,6280,18.41,郭俊銘,民主進步黨,1,N,T
臺中縣,大雅鄉,,0,0,1,8544,28.19,楊文欣,中國國民黨,1,Y,T
臺中縣,大雅鄉,,0,0,2,3173,10.47,楊瓊瓔,中國國民黨,2,Y,T
臺中縣,大雅鄉,,0,0,3,2636,8.70,劉銓忠,中國國民黨,1,Y,T
臺中縣,大雅鄉,,0,0,4,1627,5.37,顏清標,無,1,N,T
臺中縣,大雅鄉,,0,0,5,151,0.50,林淑滿,無,2,N,
臺中縣,大雅鄉,,0,0,6,5935,19.58,郭榮振,中國國民黨,1,Y,T
臺中縣,大雅鄉,,0,0,7,1559,5.14,陳鴻榮,民主進步黨,1,N,
臺中縣,大雅鄉,,0,0,8,568,1.87,林炳耀,無,1,N,
臺中縣,大雅鄉,,0,0,9,1644,5.42,廖美珍,中國國民黨,2,N,
臺中縣,大雅鄉,,0,0,10,4476,14.77,郭俊銘,民主進步黨,1,N,T
臺中縣,新社鄉,,0,0,1,2386,15.65,楊文欣,中國國民黨,1,Y,T
臺中縣,新社鄉,,0,0,2,1013,6.65,楊瓊瓔,中國國民黨,2,Y,T
臺中縣,新社鄉,,0,0,3,1430,9.38,劉銓忠,中國國民黨,1,Y,T
臺中縣,新社鄉,,0,0,4,1856,12.18,顏清標,無,1,N,T
臺中縣,新社鄉,,0,0,5,77,0.51,林淑滿,無,2,N,
臺中縣,新社鄉,,0,0,6,4214,27.65,郭榮振,中國國民黨,1,Y,T
臺中縣,新社鄉,,0,0,7,456,2.99,陳鴻榮,民主進步黨,1,N,
臺中縣,新社鄉,,0,0,8,86,0.56,林炳耀,無,1,N,
臺中縣,新社鄉,,0,0,9,1399,9.18,廖美珍,中國國民黨,2,N,
臺中縣,新社鄉,,0,0,10,2325,15.25,郭俊銘,民主進步黨,1,N,T
臺中縣,石岡鄉,,0,0,1,1669,19.40,楊文欣,中國國民黨,1,Y,T
臺中縣,石岡鄉,,0,0,2,424,4.93,楊瓊瓔,中國國民黨,2,Y,T
臺中縣,石岡鄉,,0,0,3,2096,24.36,劉銓忠,中國國民黨,1,Y,T
臺中縣,石岡鄉,,0,0,4,272,3.16,顏清標,無,1,N,T
臺中縣,石岡鄉,,0,0,5,23,0.27,林淑滿,無,2,N,
臺中縣,石岡鄉,,0,0,6,493,5.73,郭榮振,中國國民黨,1,Y,T
臺中縣,石岡鄉,,0,0,7,206,2.39,陳鴻榮,民主進步黨,1,N,
臺中縣,石岡鄉,,0,0,8,83,0.96,林炳耀,無,1,N,
臺中縣,石岡鄉,,0,0,9,1649,19.17,廖美珍,中國國民黨,2,N,
臺中縣,石岡鄉,,0,0,10,1688,19.62,郭俊銘,民主進步黨,1,N,T
臺中縣,外埔鄉,,0,0,1,1739,11.41,楊文欣,中國國民黨,1,Y,T
臺中縣,外埔鄉,,0,0,2,1095,7.19,楊瓊瓔,中國國民黨,2,Y,T
臺中縣,外埔鄉,,0,0,3,4651,30.52,劉銓忠,中國國民黨,1,Y,T
臺中縣,外埔鄉,,0,0,4,1618,10.62,顏清標,無,1,N,T
臺中縣,外埔鄉,,0,0,5,54,0.35,林淑滿,無,2,N,
臺中縣,外埔鄉,,0,0,6,3584,23.52,郭榮振,中國國民黨,1,Y,T
臺中縣,外埔鄉,,0,0,7,516,3.39,陳鴻榮,民主進步黨,1,N,
臺中縣,外埔鄉,,0,0,8,183,1.20,林炳耀,無,1,N,
臺中縣,外埔鄉,,0,0,9,249,1.63,廖美珍,中國國民黨,2,N,
臺中縣,外埔鄉,,0,0,10,1550,10.17,郭俊銘,民主進步黨,1,N,T
臺中縣,大安鄉,,0,0,1,1536,13.47,楊文欣,中國國民黨,1,Y,T
臺中縣,大安鄉,,0,0,2,354,3.10,楊瓊瓔,中國國民黨,2,Y,T
臺中縣,大安鄉,,0,0,3,3175,27.85,劉銓忠,中國國民黨,1,Y,T
臺中縣,大安鄉,,0,0,4,1038,9.10,顏清標,無,1,N,T
臺中縣,大安鄉,,0,0,5,41,0.36,林淑滿,無,2,N,
臺中縣,大安鄉,,0,0,6,3538,31.03,郭榮振,中國國民黨,1,Y,T
臺中縣,大安鄉,,0,0,7,636,5.58,陳鴻榮,民主進步黨,1,N,
臺中縣,大安鄉,,0,0,8,173,1.52,林炳耀,無,1,N,
臺中縣,大安鄉,,0,0,9,127,1.11,廖美珍,中國國民黨,2,N,
臺中縣,大安鄉,,0,0,10,784,6.88,郭俊銘,民主進步黨,1,N,T
臺中縣,烏日鄉,,0,0,1,5202,17.46,楊文欣,中國國民黨,1,Y,T
臺中縣,烏日鄉,,0,0,2,2443,8.20,楊瓊瓔,中國國民黨,2,Y,T
臺中縣,烏日鄉,,0,0,3,4772,16.02,劉銓忠,中國國民黨,1,Y,T
臺中縣,烏日鄉,,0,0,4,2763,9.28,顏清標,無,1,N,T
臺中縣,烏日鄉,,0,0,5,265,0.89,林淑滿,無,2,N,
臺中縣,烏日鄉,,0,0,6,4813,16.16,郭榮振,中國國民黨,1,Y,T
臺中縣,烏日鄉,,0,0,7,2243,7.53,陳鴻榮,民主進步黨,1,N,
臺中縣,烏日鄉,,0,0,8,1432,4.81,林炳耀,無,1,N,
臺中縣,烏日鄉,,0,0,9,1768,5.94,廖美珍,中國國民黨,2,N,
臺中縣,烏日鄉,,0,0,10,4087,13.72,郭俊銘,民主進步黨,1,N,T
臺中縣,大肚鄉,,0,0,1,3264,13.09,楊文欣,中國國民黨,1,Y,T
臺中縣,大肚鄉,,0,0,2,4353,17.45,楊瓊瓔,中國國民黨,2,Y,T
臺中縣,大肚鄉,,0,0,3,4678,18.75,劉銓忠,中國國民黨,1,Y,T
臺中縣,大肚鄉,,0,0,4,4503,18.05,顏清標,無,1,N,T
臺中縣,大肚鄉,,0,0,5,132,0.53,林淑滿,無,2,N,
臺中縣,大肚鄉,,0,0,6,1862,7.46,郭榮振,中國國民黨,1,Y,T
臺中縣,大肚鄉,,0,0,7,1479,5.93,陳鴻榮,民主進步黨,1,N,
臺中縣,大肚鄉,,0,0,8,746,2.99,林炳耀,無,1,N,
臺中縣,大肚鄉,,0,0,9,1260,5.05,廖美珍,中國國民黨,2,N,
臺中縣,大肚鄉,,0,0,10,2667,10.69,郭俊銘,民主進步黨,1,N,T
臺中縣,龍井鄉,,0,0,1,3005,11.23,楊文欣,中國國民黨,1,Y,T
臺中縣,龍井鄉,,0,0,2,4670,17.46,楊瓊瓔,中國國民黨,2,Y,T
臺中縣,龍井鄉,,0,0,3,4275,15.98,劉銓忠,中國國民黨,1,Y,T
臺中縣,龍井鄉,,0,0,4,7449,27.85,顏清標,無,1,N,T
臺中縣,龍井鄉,,0,0,5,143,0.53,林淑滿,無,2,N,
臺中縣,龍井鄉,,0,0,6,1801,6.73,郭榮振,中國國民黨,1,Y,T
臺中縣,龍井鄉,,0,0,7,1689,6.31,陳鴻榮,民主進步黨,1,N,
臺中縣,龍井鄉,,0,0,8,515,1.93,林炳耀,無,1,N,
臺中縣,龍井鄉,,0,0,9,865,3.23,廖美珍,中國國民黨,2,N,
臺中縣,龍井鄉,,0,0,10,2338,8.74,郭俊銘,民主進步黨,1,N,T
臺中縣,霧峰鄉,,0,0,1,6622,19.96,楊文欣,中國國民黨,1,Y,T
臺中縣,霧峰鄉,,0,0,2,1547,4.66,楊瓊瓔,中國國民黨,2,Y,T
臺中縣,霧峰鄉,,0,0,3,6644,20.02,劉銓忠,中國國民黨,1,Y,T
臺中縣,霧峰鄉,,0,0,4,3611,10.88,顏清標,無,1,N,T
臺中縣,霧峰鄉,,0,0,5,441,1.33,林淑滿,無,2,N,
臺中縣,霧峰鄉,,0,0,6,4025,12.13,郭榮振,中國國民黨,1,Y,T
臺中縣,霧峰鄉,,0,0,7,3671,11.06,陳鴻榮,民主進步黨,1,N,
臺中縣,霧峰鄉,,0,0,8,1067,3.22,林炳耀,無,1,N,
臺中縣,霧峰鄉,,0,0,9,1030,3.10,廖美珍,中國國民黨,2,N,
臺中縣,霧峰鄉,,0,0,10,4523,13.63,郭俊銘,民主進步黨,1,N,T
臺中縣,太平市,,0,0,1,11949,18.44,楊文欣,中國國民黨,1,Y,T
臺中縣,太平市,,0,0,2,5488,8.47,楊瓊瓔,中國國民黨,2,Y,T
臺中縣,太平市,,0,0,3,6193,9.56,劉銓忠,中國國民黨,1,Y,T
臺中縣,太平市,,0,0,4,4685,7.23,顏清標,無,1,N,T
臺中縣,太平市,,0,0,5,706,1.09,林淑滿,無,2,N,
臺中縣,太平市,,0,0,6,12559,19.38,郭榮振,中國國民黨,1,Y,T
臺中縣,太平市,,0,0,7,11071,17.09,陳鴻榮,民主進步黨,1,N,
臺中縣,太平市,,0,0,8,1178,1.82,林炳耀,無,1,N,
臺中縣,太平市,,0,0,9,3079,4.75,廖美珍,中國國民黨,2,N,
臺中縣,太平市,,0,0,10,7886,12.17,郭俊銘,民主進步黨,1,N,T
臺中縣,大里市,,0,0,1,15062,22.00,楊文欣,中國國民黨,1,Y,T
臺中縣,大里市,,0,0,2,4025,5.88,楊瓊瓔,中國國民黨,2,Y,T
臺中縣,大里市,,0,0,3,8189,11.96,劉銓忠,中國國民黨,1,Y,T
臺中縣,大里市,,0,0,4,4424,6.46,顏清標,無,1,N,T
臺中縣,大里市,,0,0,5,2160,3.15,林淑滿,無,2,N,
臺中縣,大里市,,0,0,6,8264,12.07,郭榮振,中國國民黨,1,Y,T
臺中縣,大里市,,0,0,7,8367,12.22,陳鴻榮,民主進步黨,1,N,
臺中縣,大里市,,0,0,8,1531,2.24,林炳耀,無,1,N,
臺中縣,大里市,,0,0,9,3641,5.32,廖美珍,中國國民黨,2,N,
臺中縣,大里市,,0,0,10,12802,18.70,郭俊銘,民主進步黨,1,N,T
臺中縣,和平鄉,,0,0,1,777,19.14,楊文欣,中國國民黨,1,Y,T
臺中縣,和平鄉,,0,0,2,212,5.22,楊瓊瓔,中國國民黨,2,Y,T
臺中縣,和平鄉,,0,0,3,701,17.27,劉銓忠,中國國民黨,1,Y,T
臺中縣,和平鄉,,0,0,4,723,17.81,顏清標,無,1,N,T
臺中縣,和平鄉,,0,0,5,16,0.39,林淑滿,無,2,N,
臺中縣,和平鄉,,0,0,6,351,8.65,郭榮振,中國國民黨,1,Y,T
臺中縣,和平鄉,,0,0,7,73,1.80,陳鴻榮,民主進步黨,1,N,
臺中縣,和平鄉,,0,0,8,20,0.49,林炳耀,無,1,N,
臺中縣,和平鄉,,0,0,9,828,20.39,廖美珍,中國國民黨,2,N,
臺中縣,和平鄉,,0,0,10,359,8.84,郭俊銘,民主進步黨,1,N,T
彰化縣,彰化市,,0,0,1,11928,10.88,游月霞,中國國民黨,2,Y,T
彰化縣,彰化市,,0,0,2,3658,3.34,黃俊雄,無,1,N,
彰化縣,彰化市,,0,0,3,9494,8.66,謝章捷,中國國民黨,1,N,T
彰化縣,彰化市,,0,0,4,17092,15.60,周清玉,民主進步黨,1,N,T
彰化縣,彰化市,,0,0,5,1459,1.33,曾嘉香,無,2,N,
彰化縣,彰化市,,0,0,6,9293,8.48,謝言信,中國國民黨,1,Y,T
彰化縣,彰化市,,0,0,7,8786,8.02,林進春,中國國民黨,1,Y,T
彰化縣,彰化市,,0,0,8,1851,1.69,余勝津,無,1,N,
彰化縣,彰化市,,0,0,9,6399,5.84,陳忠孝,民主進步黨,1,N,
彰化縣,彰化市,,0,0,10,23634,21.57,陳振雄,中國國民黨,1,Y,T
彰化縣,彰化市,,0,0,11,15988,14.59,洪木村,無,1,Y,
彰化縣,鹿港鎮,,0,0,1,3365,8.19,游月霞,中國國民黨,2,Y,T
彰化縣,鹿港鎮,,0,0,2,200,0.49,黃俊雄,無,1,N,
彰化縣,鹿港鎮,,0,0,3,4051,9.86,謝章捷,中國國民黨,1,N,T
彰化縣,鹿港鎮,,0,0,4,7510,18.27,周清玉,民主進步黨,1,N,T
彰化縣,鹿港鎮,,0,0,5,273,0.66,曾嘉香,無,2,N,
彰化縣,鹿港鎮,,0,0,6,3757,9.14,謝言信,中國國民黨,1,Y,T
彰化縣,鹿港鎮,,0,0,7,13024,31.69,林進春,中國國民黨,1,Y,T
彰化縣,鹿港鎮,,0,0,8,297,0.72,余勝津,無,1,N,
彰化縣,鹿港鎮,,0,0,9,2024,4.92,陳忠孝,民主進步黨,1,N,
彰化縣,鹿港鎮,,0,0,10,4815,11.72,陳振雄,中國國民黨,1,Y,T
彰化縣,鹿港鎮,,0,0,11,1784,4.34,洪木村,無,1,Y,
彰化縣,和美鎮,,0,0,1,4000,9.76,游月霞,中國國民黨,2,Y,T
彰化縣,和美鎮,,0,0,2,426,1.04,黃俊雄,無,1,N,
彰化縣,和美鎮,,0,0,3,4596,11.21,謝章捷,中國國民黨,1,N,T
彰化縣,和美鎮,,0,0,4,7969,19.44,周清玉,民主進步黨,1,N,T
彰化縣,和美鎮,,0,0,5,341,0.83,曾嘉香,無,2,N,
彰化縣,和美鎮,,0,0,6,5158,12.58,謝言信,中國國民黨,1,Y,T
彰化縣,和美鎮,,0,0,7,3211,7.83,林進春,中國國民黨,1,Y,T
彰化縣,和美鎮,,0,0,8,310,0.76,余勝津,無,1,N,
彰化縣,和美鎮,,0,0,9,2029,4.95,陳忠孝,民主進步黨,1,N,
彰化縣,和美鎮,,0,0,10,8385,20.46,陳振雄,中國國民黨,1,Y,T
彰化縣,和美鎮,,0,0,11,4562,11.13,洪木村,無,1,Y,
彰化縣,線西鄉,,0,0,1,1146,13.36,游月霞,中國國民黨,2,Y,T
彰化縣,線西鄉,,0,0,2,66,0.77,黃俊雄,無,1,N,
彰化縣,線西鄉,,0,0,3,998,11.64,謝章捷,中國國民黨,1,N,T
彰化縣,線西鄉,,0,0,4,1075,12.54,周清玉,民主進步黨,1,N,T
彰化縣,線西鄉,,0,0,5,53,0.62,曾嘉香,無,2,N,
彰化縣,線西鄉,,0,0,6,1379,16.08,謝言信,中國國民黨,1,Y,T
彰化縣,線西鄉,,0,0,7,1150,13.41,林進春,中國國民黨,1,Y,T
彰化縣,線西鄉,,0,0,8,40,0.47,余勝津,無,1,N,
彰化縣,線西鄉,,0,0,9,284,3.31,陳忠孝,民主進步黨,1,N,
彰化縣,線西鄉,,0,0,10,1843,21.49,陳振雄,中國國民黨,1,Y,T
彰化縣,線西鄉,,0,0,11,541,6.31,洪木村,無,1,Y,
彰化縣,伸港鄉,,0,0,1,1287,8.13,游月霞,中國國民黨,2,Y,T
彰化縣,伸港鄉,,0,0,2,86,0.54,黃俊雄,無,1,N,
彰化縣,伸港鄉,,0,0,3,2169,13.70,謝章捷,中國國民黨,1,N,T
彰化縣,伸港鄉,,0,0,4,2360,14.91,周清玉,民主進步黨,1,N,T
彰化縣,伸港鄉,,0,0,5,117,0.74,曾嘉香,無,2,N,
彰化縣,伸港鄉,,0,0,6,2511,15.86,謝言信,中國國民黨,1,Y,T
彰化縣,伸港鄉,,0,0,7,2414,15.25,林進春,中國國民黨,1,Y,T
彰化縣,伸港鄉,,0,0,8,50,0.32,余勝津,無,1,N,
彰化縣,伸港鄉,,0,0,9,621,3.92,陳忠孝,民主進步黨,1,N,
彰化縣,伸港鄉,,0,0,10,2852,18.02,陳振雄,中國國民黨,1,Y,T
彰化縣,伸港鄉,,0,0,11,1362,8.60,洪木村,無,1,Y,
彰化縣,福興鄉,,0,0,1,3573,15.20,游月霞,中國國民黨,2,Y,T
彰化縣,福興鄉,,0,0,2,71,0.30,黃俊雄,無,1,N,
彰化縣,福興鄉,,0,0,3,1762,7.50,謝章捷,中國國民黨,1,N,T
彰化縣,福興鄉,,0,0,4,3712,15.80,周清玉,民主進步黨,1,N,T
彰化縣,福興鄉,,0,0,5,147,0.63,曾嘉香,無,2,N,
彰化縣,福興鄉,,0,0,6,3682,15.67,謝言信,中國國民黨,1,Y,T
彰化縣,福興鄉,,0,0,7,7334,31.21,林進春,中國國民黨,1,Y,T
彰化縣,福興鄉,,0,0,8,97,0.41,余勝津,無,1,N,
彰化縣,福興鄉,,0,0,9,967,4.12,陳忠孝,民主進步黨,1,N,
彰化縣,福興鄉,,0,0,10,1120,4.77,陳振雄,中國國民黨,1,Y,T
彰化縣,福興鄉,,0,0,11,1034,4.40,洪木村,無,1,Y,
彰化縣,秀水鄉,,0,0,1,2925,15.95,游月霞,中國國民黨,2,Y,T
彰化縣,秀水鄉,,0,0,2,114,0.62,黃俊雄,無,1,N,
彰化縣,秀水鄉,,0,0,3,1829,9.97,謝章捷,中國國民黨,1,N,T
彰化縣,秀水鄉,,0,0,4,2588,14.11,周清玉,民主進步黨,1,N,T
彰化縣,秀水鄉,,0,0,5,132,0.72,曾嘉香,無,2,N,
彰化縣,秀水鄉,,0,0,6,2680,14.62,謝言信,中國國民黨,1,Y,T
彰化縣,秀水鄉,,0,0,7,2963,16.16,林進春,中國國民黨,1,Y,T
彰化縣,秀水鄉,,0,0,8,85,0.46,余勝津,無,1,N,
彰化縣,秀水鄉,,0,0,9,1226,6.69,陳忠孝,民主進步黨,1,N,
彰化縣,秀水鄉,,0,0,10,2839,15.48,陳振雄,中國國民黨,1,Y,T
彰化縣,秀水鄉,,0,0,11,955,5.21,洪木村,無,1,Y,
彰化縣,花壇鄉,,0,0,1,3134,13.90,游月霞,中國國民黨,2,Y,T
彰化縣,花壇鄉,,0,0,2,287,1.27,黃俊雄,無,1,N,
彰化縣,花壇鄉,,0,0,3,3636,16.13,謝章捷,中國國民黨,1,N,T
彰化縣,花壇鄉,,0,0,4,2902,12.87,周清玉,民主進步黨,1,N,T
彰化縣,花壇鄉,,0,0,5,212,0.94,曾嘉香,無,2,N,
彰化縣,花壇鄉,,0,0,6,2444,10.84,謝言信,中國國民黨,1,Y,T
彰化縣,花壇鄉,,0,0,7,2975,13.20,林進春,中國國民黨,1,Y,T
彰化縣,花壇鄉,,0,0,8,244,1.08,余勝津,無,1,N,
彰化縣,花壇鄉,,0,0,9,1410,6.25,陳忠孝,民主進步黨,1,N,
彰化縣,花壇鄉,,0,0,10,3370,14.95,陳振雄,中國國民黨,1,Y,T
彰化縣,花壇鄉,,0,0,11,1929,8.56,洪木村,無,1,Y,
彰化縣,芬園鄉,,0,0,1,2947,20.46,游月霞,中國國民黨,2,Y,T
彰化縣,芬園鄉,,0,0,2,107,0.74,黃俊雄,無,1,N,
彰化縣,芬園鄉,,0,0,3,2618,18.17,謝章捷,中國國民黨,1,N,T
彰化縣,芬園鄉,,0,0,4,2767,19.21,周清玉,民主進步黨,1,N,T
彰化縣,芬園鄉,,0,0,5,123,0.85,曾嘉香,無,2,N,
彰化縣,芬園鄉,,0,0,6,1869,12.97,謝言信,中國國民黨,1,Y,T
彰化縣,芬園鄉,,0,0,7,1370,9.51,林進春,中國國民黨,1,Y,T
彰化縣,芬園鄉,,0,0,8,169,1.17,余勝津,無,1,N,
彰化縣,芬園鄉,,0,0,9,656,4.55,陳忠孝,民主進步黨,1,N,
彰化縣,芬園鄉,,0,0,10,833,5.78,陳振雄,中國國民黨,1,Y,T
彰化縣,芬園鄉,,0,0,11,946,6.57,洪木村,無,1,Y,
彰化縣,員林鎮,,0,0,1,7255,12.01,游月霞,中國國民黨,2,Y,T
彰化縣,員林鎮,,0,0,2,492,0.81,黃俊雄,無,1,N,
彰化縣,員林鎮,,0,0,3,18699,30.95,謝章捷,中國國民黨,1,N,T
彰化縣,員林鎮,,0,0,4,4948,8.19,周清玉,民主進步黨,1,N,T
彰化縣,員林鎮,,0,0,5,767,1.27,曾嘉香,無,2,N,
彰化縣,員林鎮,,0,0,6,4163,6.89,謝言信,中國國民黨,1,Y,T
彰化縣,員林鎮,,0,0,7,6029,9.98,林進春,中國國民黨,1,Y,T
彰化縣,員林鎮,,0,0,8,431,0.71,余勝津,無,1,N,
彰化縣,員林鎮,,0,0,9,11279,18.67,陳忠孝,民主進步黨,1,N,
彰化縣,員林鎮,,0,0,10,4119,6.82,陳振雄,中國國民黨,1,Y,T
彰化縣,員林鎮,,0,0,11,2227,3.69,洪木村,無,1,Y,
彰化縣,溪湖鎮,,0,0,1,4616,16.91,游月霞,中國國民黨,2,Y,T
彰化縣,溪湖鎮,,0,0,2,79,0.29,黃俊雄,無,1,N,
彰化縣,溪湖鎮,,0,0,3,3969,14.54,謝章捷,中國國民黨,1,N,T
彰化縣,溪湖鎮,,0,0,4,3317,12.15,周清玉,民主進步黨,1,N,T
彰化縣,溪湖鎮,,0,0,5,296,1.08,曾嘉香,無,2,N,
彰化縣,溪湖鎮,,0,0,6,5373,19.68,謝言信,中國國民黨,1,Y,T
彰化縣,溪湖鎮,,0,0,7,1920,7.03,林進春,中國國民黨,1,Y,T
彰化縣,溪湖鎮,,0,0,8,76,0.28,余勝津,無,1,N,
彰化縣,溪湖鎮,,0,0,9,2995,10.97,陳忠孝,民主進步黨,1,N,
彰化縣,溪湖鎮,,0,0,10,2045,7.49,陳振雄,中國國民黨,1,Y,T
彰化縣,溪湖鎮,,0,0,11,2618,9.59,洪木村,無,1,Y,
彰化縣,田中鎮,,0,0,1,3554,14.91,游月霞,中國國民黨,2,Y,T
彰化縣,田中鎮,,0,0,2,94,0.39,黃俊雄,無,1,N,
彰化縣,田中鎮,,0,0,3,4518,18.95,謝章捷,中國國民黨,1,N,T
彰化縣,田中鎮,,0,0,4,3908,16.39,周清玉,民主進步黨,1,N,T
彰化縣,田中鎮,,0,0,5,291,1.22,曾嘉香,無,2,N,
彰化縣,田中鎮,,0,0,6,2682,11.25,謝言信,中國國民黨,1,Y,T
彰化縣,田中鎮,,0,0,7,2131,8.94,林進春,中國國民黨,1,Y,T
彰化縣,田中鎮,,0,0,8,177,0.74,余勝津,無,1,N,
彰化縣,田中鎮,,0,0,9,1807,7.58,陳忠孝,民主進步黨,1,N,
彰化縣,田中鎮,,0,0,10,2101,8.81,陳振雄,中國國民黨,1,Y,T
彰化縣,田中鎮,,0,0,11,2580,10.82,洪木村,無,1,Y,
彰化縣,大村鄉,,0,0,1,3116,17.27,游月霞,中國國民黨,2,Y,T
彰化縣,大村鄉,,0,0,2,76,0.42,黃俊雄,無,1,N,
彰化縣,大村鄉,,0,0,3,4890,27.10,謝章捷,中國國民黨,1,N,T
彰化縣,大村鄉,,0,0,4,1612,8.93,周清玉,民主進步黨,1,N,T
彰化縣,大村鄉,,0,0,5,138,0.76,曾嘉香,無,2,N,
彰化縣,大村鄉,,0,0,6,1931,10.70,謝言信,中國國民黨,1,Y,T
彰化縣,大村鄉,,0,0,7,1768,9.80,林進春,中國國民黨,1,Y,T
彰化縣,大村鄉,,0,0,8,74,0.41,余勝津,無,1,N,
彰化縣,大村鄉,,0,0,9,2486,13.78,陳忠孝,民主進步黨,1,N,
彰化縣,大村鄉,,0,0,10,1198,6.64,陳振雄,中國國民黨,1,Y,T
彰化縣,大村鄉,,0,0,11,753,4.17,洪木村,無,1,Y,
彰化縣,埔鹽鄉,,0,0,1,6889,35.84,游月霞,中國國民黨,2,Y,T
彰化縣,埔鹽鄉,,0,0,2,42,0.22,黃俊雄,無,1,N,
彰化縣,埔鹽鄉,,0,0,3,2050,10.66,謝章捷,中國國民黨,1,N,T
彰化縣,埔鹽鄉,,0,0,4,2242,11.66,周清玉,民主進步黨,1,N,T
彰化縣,埔鹽鄉,,0,0,5,130,0.68,曾嘉香,無,2,N,
彰化縣,埔鹽鄉,,0,0,6,2381,12.39,謝言信,中國國民黨,1,Y,T
彰化縣,埔鹽鄉,,0,0,7,1514,7.88,林進春,中國國民黨,1,Y,T
彰化縣,埔鹽鄉,,0,0,8,29,0.15,余勝津,無,1,N,
彰化縣,埔鹽鄉,,0,0,9,1702,8.85,陳忠孝,民主進步黨,1,N,
彰化縣,埔鹽鄉,,0,0,10,1276,6.64,陳振雄,中國國民黨,1,Y,T
彰化縣,埔鹽鄉,,0,0,11,969,5.04,洪木村,無,1,Y,
彰化縣,埔心鄉,,0,0,1,2616,14.57,游月霞,中國國民黨,2,Y,T
彰化縣,埔心鄉,,0,0,2,78,0.43,黃俊雄,無,1,N,
彰化縣,埔心鄉,,0,0,3,4375,24.37,謝章捷,中國國民黨,1,N,T
彰化縣,埔心鄉,,0,0,4,2200,12.25,周清玉,民主進步黨,1,N,T
彰化縣,埔心鄉,,0,0,5,168,0.94,曾嘉香,無,2,N,
彰化縣,埔心鄉,,0,0,6,2039,11.36,謝言信,中國國民黨,1,Y,T
彰化縣,埔心鄉,,0,0,7,2494,13.89,林進春,中國國民黨,1,Y,T
彰化縣,埔心鄉,,0,0,8,136,0.76,余勝津,無,1,N,
彰化縣,埔心鄉,,0,0,9,2551,14.21,陳忠孝,民主進步黨,1,N,
彰化縣,埔心鄉,,0,0,10,810,4.51,陳振雄,中國國民黨,1,Y,T
彰化縣,埔心鄉,,0,0,11,488,2.72,洪木村,無,1,Y,
彰化縣,永靖鄉,,0,0,1,3470,16.90,游月霞,中國國民黨,2,Y,T
彰化縣,永靖鄉,,0,0,2,113,0.55,黃俊雄,無,1,N,
彰化縣,永靖鄉,,0,0,3,5174,25.20,謝章捷,中國國民黨,1,N,T
彰化縣,永靖鄉,,0,0,4,2026,9.87,周清玉,民主進步黨,1,N,T
彰化縣,永靖鄉,,0,0,5,263,1.28,曾嘉香,無,2,N,
彰化縣,永靖鄉,,0,0,6,2482,12.09,謝言信,中國國民黨,1,Y,T
彰化縣,永靖鄉,,0,0,7,1887,9.19,林進春,中國國民黨,1,Y,T
彰化縣,永靖鄉,,0,0,8,177,0.86,余勝津,無,1,N,
彰化縣,永靖鄉,,0,0,9,2593,12.63,陳忠孝,民主進步黨,1,N,
彰化縣,永靖鄉,,0,0,10,1227,5.98,陳振雄,中國國民黨,1,Y,T
彰化縣,永靖鄉,,0,0,11,1119,5.45,洪木村,無,1,Y,
彰化縣,社頭鄉,,0,0,1,4051,17.93,游月霞,中國國民黨,2,Y,T
彰化縣,社頭鄉,,0,0,2,95,0.42,黃俊雄,無,1,N,
彰化縣,社頭鄉,,0,0,3,4026,17.82,謝章捷,中國國民黨,1,N,T
彰化縣,社頭鄉,,0,0,4,2530,11.20,周清玉,民主進步黨,1,N,T
彰化縣,社頭鄉,,0,0,5,197,0.87,曾嘉香,無,2,N,
彰化縣,社頭鄉,,0,0,6,2589,11.46,謝言信,中國國民黨,1,Y,T
彰化縣,社頭鄉,,0,0,7,2884,12.77,林進春,中國國民黨,1,Y,T
彰化縣,社頭鄉,,0,0,8,369,1.63,余勝津,無,1,N,
彰化縣,社頭鄉,,0,0,9,2854,12.64,陳忠孝,民主進步黨,1,N,
彰化縣,社頭鄉,,0,0,10,2192,9.70,陳振雄,中國國民黨,1,Y,T
彰化縣,社頭鄉,,0,0,11,801,3.55,洪木村,無,1,Y,
彰化縣,二水鄉,,0,0,1,844,7.78,游月霞,中國國民黨,2,Y,T
彰化縣,二水鄉,,0,0,2,52,0.48,黃俊雄,無,1,N,
彰化縣,二水鄉,,0,0,3,2397,22.08,謝章捷,中國國民黨,1,N,T
彰化縣,二水鄉,,0,0,4,1409,12.98,周清玉,民主進步黨,1,N,T
彰化縣,二水鄉,,0,0,5,197,1.81,曾嘉香,無,2,N,
彰化縣,二水鄉,,0,0,6,1899,17.50,謝言信,中國國民黨,1,Y,T
彰化縣,二水鄉,,0,0,7,1403,12.93,林進春,中國國民黨,1,Y,T
彰化縣,二水鄉,,0,0,8,183,1.69,余勝津,無,1,N,
彰化縣,二水鄉,,0,0,9,979,9.02,陳忠孝,民主進步黨,1,N,
彰化縣,二水鄉,,0,0,10,728,6.71,陳振雄,中國國民黨,1,Y,T
彰化縣,二水鄉,,0,0,11,763,7.03,洪木村,無,1,Y,
彰化縣,北斗鎮,,0,0,1,1222,7.37,游月霞,中國國民黨,2,Y,T
彰化縣,北斗鎮,,0,0,2,64,0.39,黃俊雄,無,1,N,
彰化縣,北斗鎮,,0,0,3,5092,30.72,謝章捷,中國國民黨,1,N,T
彰化縣,北斗鎮,,0,0,4,2620,15.81,周清玉,民主進步黨,1,N,T
彰化縣,北斗鎮,,0,0,5,239,1.44,曾嘉香,無,2,N,
彰化縣,北斗鎮,,0,0,6,3339,20.14,謝言信,中國國民黨,1,Y,T
彰化縣,北斗鎮,,0,0,7,960,5.79,林進春,中國國民黨,1,Y,T
彰化縣,北斗鎮,,0,0,8,81,0.49,余勝津,無,1,N,
彰化縣,北斗鎮,,0,0,9,1406,8.48,陳忠孝,民主進步黨,1,N,
彰化縣,北斗鎮,,0,0,10,1137,6.86,陳振雄,中國國民黨,1,Y,T
彰化縣,北斗鎮,,0,0,11,415,2.50,洪木村,無,1,Y,
彰化縣,二林鎮,,0,0,1,3983,13.71,游月霞,中國國民黨,2,Y,T
彰化縣,二林鎮,,0,0,2,94,0.32,黃俊雄,無,1,N,
彰化縣,二林鎮,,0,0,3,4245,14.61,謝章捷,中國國民黨,1,N,T
彰化縣,二林鎮,,0,0,4,3210,11.05,周清玉,民主進步黨,1,N,T
彰化縣,二林鎮,,0,0,5,255,0.88,曾嘉香,無,2,N,
彰化縣,二林鎮,,0,0,6,5408,18.61,謝言信,中國國民黨,1,Y,T
彰化縣,二林鎮,,0,0,7,5011,17.24,林進春,中國國民黨,1,Y,T
彰化縣,二林鎮,,0,0,8,110,0.38,余勝津,無,1,N,
彰化縣,二林鎮,,0,0,9,1524,5.24,陳忠孝,民主進步黨,1,N,
彰化縣,二林鎮,,0,0,10,3258,11.21,陳振雄,中國國民黨,1,Y,T
彰化縣,二林鎮,,0,0,11,1964,6.76,洪木村,無,1,Y,
彰化縣,田尾鄉,,0,0,1,1963,13.04,游月霞,中國國民黨,2,Y,T
彰化縣,田尾鄉,,0,0,2,59,0.39,黃俊雄,無,1,N,
彰化縣,田尾鄉,,0,0,3,3491,23.19,謝章捷,中國國民黨,1,N,T
彰化縣,田尾鄉,,0,0,4,2261,15.02,周清玉,民主進步黨,1,N,T
彰化縣,田尾鄉,,0,0,5,186,1.24,曾嘉香,無,2,N,
彰化縣,田尾鄉,,0,0,6,2390,15.87,謝言信,中國國民黨,1,Y,T
彰化縣,田尾鄉,,0,0,7,1726,11.46,林進春,中國國民黨,1,Y,T
彰化縣,田尾鄉,,0,0,8,141,0.94,余勝津,無,1,N,
彰化縣,田尾鄉,,0,0,9,1168,7.76,陳忠孝,民主進步黨,1,N,
彰化縣,田尾鄉,,0,0,10,1453,9.65,陳振雄,中國國民黨,1,Y,T
彰化縣,田尾鄉,,0,0,11,219,1.45,洪木村,無,1,Y,
彰化縣,埤頭鄉,,0,0,1,2408,14.26,游月霞,中國國民黨,2,Y,T
彰化縣,埤頭鄉,,0,0,2,81,0.48,黃俊雄,無,1,N,
彰化縣,埤頭鄉,,0,0,3,1989,11.78,謝章捷,中國國民黨,1,N,T
彰化縣,埤頭鄉,,0,0,4,2750,16.29,周清玉,民主進步黨,1,N,T
彰化縣,埤頭鄉,,0,0,5,508,3.01,曾嘉香,無,2,N,
彰化縣,埤頭鄉,,0,0,6,3416,20.23,謝言信,中國國民黨,1,Y,T
彰化縣,埤頭鄉,,0,0,7,968,5.73,林進春,中國國民黨,1,Y,T
彰化縣,埤頭鄉,,0,0,8,113,0.67,余勝津,無,1,N,
彰化縣,埤頭鄉,,0,0,9,1308,7.75,陳忠孝,民主進步黨,1,N,
彰化縣,埤頭鄉,,0,0,10,2329,13.80,陳振雄,中國國民黨,1,Y,T
彰化縣,埤頭鄉,,0,0,11,1012,5.99,洪木村,無,1,Y,
彰化縣,芳苑鄉,,0,0,1,2996,15.32,游月霞,中國國民黨,2,Y,T
彰化縣,芳苑鄉,,0,0,2,46,0.24,黃俊雄,無,1,N,
彰化縣,芳苑鄉,,0,0,3,2029,10.38,謝章捷,中國國民黨,1,N,T
彰化縣,芳苑鄉,,0,0,4,2177,11.13,周清玉,民主進步黨,1,N,T
彰化縣,芳苑鄉,,0,0,5,171,0.87,曾嘉香,無,2,N,
彰化縣,芳苑鄉,,0,0,6,3728,19.07,謝言信,中國國民黨,1,Y,T
彰化縣,芳苑鄉,,0,0,7,3715,19.00,林進春,中國國民黨,1,Y,T
彰化縣,芳苑鄉,,0,0,8,41,0.21,余勝津,無,1,N,
彰化縣,芳苑鄉,,0,0,9,836,4.28,陳忠孝,民主進步黨,1,N,
彰化縣,芳苑鄉,,0,0,10,2086,10.67,陳振雄,中國國民黨,1,Y,T
彰化縣,芳苑鄉,,0,0,11,1728,8.84,洪木村,無,1,Y,
彰化縣,大城鄉,,0,0,1,1971,18.43,游月霞,中國國民黨,2,Y,T
彰化縣,大城鄉,,0,0,2,29,0.27,黃俊雄,無,1,N,
彰化縣,大城鄉,,0,0,3,877,8.20,謝章捷,中國國民黨,1,N,T
彰化縣,大城鄉,,0,0,4,903,8.44,周清玉,民主進步黨,1,N,T
彰化縣,大城鄉,,0,0,5,78,0.73,曾嘉香,無,2,N,
彰化縣,大城鄉,,0,0,6,1971,18.43,謝言信,中國國民黨,1,Y,T
彰化縣,大城鄉,,0,0,7,3185,29.77,林進春,中國國民黨,1,Y,T
彰化縣,大城鄉,,0,0,8,24,0.22,余勝津,無,1,N,
彰化縣,大城鄉,,0,0,9,254,2.37,陳忠孝,民主進步黨,1,N,
彰化縣,大城鄉,,0,0,10,703,6.57,陳振雄,中國國民黨,1,Y,T
彰化縣,大城鄉,,0,0,11,702,6.56,洪木村,無,1,Y,
彰化縣,竹塘鄉,,0,0,1,1380,14.77,游月霞,中國國民黨,2,Y,T
彰化縣,竹塘鄉,,0,0,2,33,0.35,黃俊雄,無,1,N,
彰化縣,竹塘鄉,,0,0,3,1122,12.01,謝章捷,中國國民黨,1,N,T
彰化縣,竹塘鄉,,0,0,4,1587,16.99,周清玉,民主進步黨,1,N,T
彰化縣,竹塘鄉,,0,0,5,125,1.34,曾嘉香,無,2,N,
彰化縣,竹塘鄉,,0,0,6,1475,15.79,謝言信,中國國民黨,1,Y,T
彰化縣,竹塘鄉,,0,0,7,1074,11.50,林進春,中國國民黨,1,Y,T
彰化縣,竹塘鄉,,0,0,8,21,0.22,余勝津,無,1,N,
彰化縣,竹塘鄉,,0,0,9,671,7.18,陳忠孝,民主進步黨,1,N,
彰化縣,竹塘鄉,,0,0,10,856,9.16,陳振雄,中國國民黨,1,Y,T
彰化縣,竹塘鄉,,0,0,11,998,10.68,洪木村,無,1,Y,
彰化縣,溪州鄉,,0,0,1,1364,7.83,游月霞,中國國民黨,2,Y,T
彰化縣,溪州鄉,,0,0,2,41,0.24,黃俊雄,無,1,N,
彰化縣,溪州鄉,,0,0,3,1225,7.03,謝章捷,中國國民黨,1,N,T
彰化縣,溪州鄉,,0,0,4,3298,18.93,周清玉,民主進步黨,1,N,T
彰化縣,溪州鄉,,0,0,5,1795,10.30,曾嘉香,無,2,N,
彰化縣,溪州鄉,,0,0,6,6387,36.66,謝言信,中國國民黨,1,Y,T
彰化縣,溪州鄉,,0,0,7,669,3.84,林進春,中國國民黨,1,Y,T
彰化縣,溪州鄉,,0,0,8,82,0.47,余勝津,無,1,N,
彰化縣,溪州鄉,,0,0,9,1971,11.31,陳忠孝,民主進步黨,1,N,
彰化縣,溪州鄉,,0,0,10,353,2.03,陳振雄,中國國民黨,1,Y,T
彰化縣,溪州鄉,,0,0,11,236,1.35,洪木村,無,1,Y,
南投縣,南投市,,0,0,1,8420,16.54,余武龍,中國國民黨,1,N,
南投縣,南投市,,0,0,2,11509,22.61,張明雄,中國國民黨,1,N,T
南投縣,南投市,,0,0,3,15742,30.93,陳啟吉,無,1,N,T
南投縣,南投市,,0,0,4,11878,23.34,林宗男,民主進步黨,1,Y,T
南投縣,南投市,,0,0,5,3348,6.58,鄭光東,無,1,N,
南投縣,埔里鎮,,0,0,1,21027,49.27,余武龍,中國國民黨,1,N,
南投縣,埔里鎮,,0,0,2,6579,15.42,張明雄,中國國民黨,1,N,T
南投縣,埔里鎮,,0,0,3,4580,10.73,陳啟吉,無,1,N,T
南投縣,埔里鎮,,0,0,4,8332,19.52,林宗男,民主進步黨,1,Y,T
南投縣,埔里鎮,,0,0,5,2161,5.06,鄭光東,無,1,N,
南投縣,草屯鎮,,0,0,1,6595,13.96,余武龍,中國國民黨,1,N,
南投縣,草屯鎮,,0,0,2,6668,14.11,張明雄,中國國民黨,1,N,T
南投縣,草屯鎮,,0,0,3,11988,25.37,陳啟吉,無,1,N,T
南投縣,草屯鎮,,0,0,4,19278,40.79,林宗男,民主進步黨,1,Y,T
南投縣,草屯鎮,,0,0,5,2730,5.78,鄭光東,無,1,N,
南投縣,竹山鎮,,0,0,1,1724,5.44,余武龍,中國國民黨,1,N,
南投縣,竹山鎮,,0,0,2,15375,48.54,張明雄,中國國民黨,1,N,T
南投縣,竹山鎮,,0,0,3,5395,17.03,陳啟吉,無,1,N,T
南投縣,竹山鎮,,0,0,4,7693,24.29,林宗男,民主進步黨,1,Y,T
南投縣,竹山鎮,,0,0,5,1490,4.70,鄭光東,無,1,N,
南投縣,集集鎮,,0,0,1,1597,23.55,余武龍,中國國民黨,1,N,
南投縣,集集鎮,,0,0,2,1519,22.40,張明雄,中國國民黨,1,N,T
南投縣,集集鎮,,0,0,3,1609,23.73,陳啟吉,無,1,N,T
南投縣,集集鎮,,0,0,4,1832,27.02,林宗男,民主進步黨,1,Y,T
南投縣,集集鎮,,0,0,5,223,3.29,鄭光東,無,1,N,
南投縣,名間鄉,,0,0,1,2475,10.84,余武龍,中國國民黨,1,N,
南投縣,名間鄉,,0,0,2,5195,22.76,張明雄,中國國民黨,1,N,T
南投縣,名間鄉,,0,0,3,7517,32.93,陳啟吉,無,1,N,T
南投縣,名間鄉,,0,0,4,6845,29.99,林宗男,民主進步黨,1,Y,T
南投縣,名間鄉,,0,0,5,796,3.49,鄭光東,無,1,N,
南投縣,鹿谷鄉,,0,0,1,1234,10.62,余武龍,中國國民黨,1,N,
南投縣,鹿谷鄉,,0,0,2,4948,42.57,張明雄,中國國民黨,1,N,T
南投縣,鹿谷鄉,,0,0,3,2177,18.73,陳啟吉,無,1,N,T
南投縣,鹿谷鄉,,0,0,4,2615,22.50,林宗男,民主進步黨,1,Y,T
南投縣,鹿谷鄉,,0,0,5,650,5.59,鄭光東,無,1,N,
南投縣,中寮鄉,,0,0,1,2778,25.81,余武龍,中國國民黨,1,N,
南投縣,中寮鄉,,0,0,2,1699,15.78,張明雄,中國國民黨,1,N,T
南投縣,中寮鄉,,0,0,3,2849,26.47,陳啟吉,無,1,N,T
南投縣,中寮鄉,,0,0,4,3027,28.12,林宗男,民主進步黨,1,Y,T
南投縣,中寮鄉,,0,0,5,412,3.83,鄭光東,無,1,N,
南投縣,魚池鄉,,0,0,1,2268,24.93,余武龍,中國國民黨,1,N,
南投縣,魚池鄉,,0,0,2,2101,23.10,張明雄,中國國民黨,1,N,T
南投縣,魚池鄉,,0,0,3,1396,15.35,陳啟吉,無,1,N,T
南投縣,魚池鄉,,0,0,4,2877,31.63,林宗男,民主進步黨,1,Y,T
南投縣,魚池鄉,,0,0,5,455,5.00,鄭光東,無,1,N,
南投縣,國姓鄉,,0,0,1,3652,28.21,余武龍,中國國民黨,1,N,
南投縣,國姓鄉,,0,0,2,2514,19.42,張明雄,中國國民黨,1,N,T
南投縣,國姓鄉,,0,0,3,2737,21.14,陳啟吉,無,1,N,T
南投縣,國姓鄉,,0,0,4,3611,27.89,林宗男,民主進步黨,1,Y,T
南投縣,國姓鄉,,0,0,5,431,3.33,鄭光東,無,1,N,
南投縣,水里鄉,,0,0,1,1830,14.67,余武龍,中國國民黨,1,N,
南投縣,水里鄉,,0,0,2,3858,30.94,張明雄,中國國民黨,1,N,T
南投縣,水里鄉,,0,0,3,1812,14.53,陳啟吉,無,1,N,T
南投縣,水里鄉,,0,0,4,4643,37.23,林宗男,民主進步黨,1,Y,T
南投縣,水里鄉,,0,0,5,328,2.63,鄭光東,無,1,N,
南投縣,信義鄉,,0,0,1,692,16.04,余武龍,中國國民黨,1,N,
南投縣,信義鄉,,0,0,2,1273,29.50,張明雄,中國國民黨,1,N,T
南投縣,信義鄉,,0,0,3,322,7.46,陳啟吉,無,1,N,T
南投縣,信義鄉,,0,0,4,1932,44.77,林宗男,民主進步黨,1,Y,T
南投縣,信義鄉,,0,0,5,96,2.22,鄭光東,無,1,N,
南投縣,仁愛鄉,,0,0,1,950,52.69,余武龍,中國國民黨,1,N,
南投縣,仁愛鄉,,0,0,2,287,15.92,張明雄,中國國民黨,1,N,T
南投縣,仁愛鄉,,0,0,3,179,9.93,陳啟吉,無,1,N,T
南投縣,仁愛鄉,,0,0,4,272,15.09,林宗男,民主進步黨,1,Y,T
南投縣,仁愛鄉,,0,0,5,115,6.38,鄭光東,無,1,N,
雲林縣,斗六市,,0,0,1,161,0.34,王德顯,無,1,N,
雲林縣,斗六市,,0,0,2,15255,32.64,侯惠仙,中國國民黨,2,N,T
雲林縣,斗六市,,0,0,3,5804,12.42,許龍俊,民主進步黨,1,N,
雲林縣,斗六市,,0,0,4,5915,12.66,蘇治洋,民主進步黨,2,N,T
雲林縣,斗六市,,0,0,5,10493,22.45,曾蔡美佐,中國國民黨,2,Y,T
雲林縣,斗六市,,0,0,6,7909,16.92,蘇文雄,中國國民黨,1,Y,T
雲林縣,斗六市,,0,0,7,1202,2.57,鄭東來,無,1,N,
雲林縣,斗南鎮,,0,0,1,48,0.20,王德顯,無,1,N,
雲林縣,斗南鎮,,0,0,2,13744,56.33,侯惠仙,中國國民黨,2,N,T
雲林縣,斗南鎮,,0,0,3,1995,8.18,許龍俊,民主進步黨,1,N,
雲林縣,斗南鎮,,0,0,4,2387,9.78,蘇治洋,民主進步黨,2,N,T
雲林縣,斗南鎮,,0,0,5,1860,7.62,曾蔡美佐,中國國民黨,2,Y,T
雲林縣,斗南鎮,,0,0,6,4122,16.89,蘇文雄,中國國民黨,1,Y,T
雲林縣,斗南鎮,,0,0,7,245,1.00,鄭東來,無,1,N,
雲林縣,虎尾鎮,,0,0,1,106,0.33,王德顯,無,1,N,
雲林縣,虎尾鎮,,0,0,2,4638,14.41,侯惠仙,中國國民黨,2,N,T
雲林縣,虎尾鎮,,0,0,3,4089,12.70,許龍俊,民主進步黨,1,N,
雲林縣,虎尾鎮,,0,0,4,2496,7.75,蘇治洋,民主進步黨,2,N,T
雲林縣,虎尾鎮,,0,0,5,4026,12.50,曾蔡美佐,中國國民黨,2,Y,T
雲林縣,虎尾鎮,,0,0,6,16130,50.10,蘇文雄,中國國民黨,1,Y,T
雲林縣,虎尾鎮,,0,0,7,712,2.21,鄭東來,無,1,N,
雲林縣,西螺鎮,,0,0,1,66,0.27,王德顯,無,1,N,
雲林縣,西螺鎮,,0,0,2,4069,16.35,侯惠仙,中國國民黨,2,N,T
雲林縣,西螺鎮,,0,0,3,3103,12.47,許龍俊,民主進步黨,1,N,
雲林縣,西螺鎮,,0,0,4,6274,25.21,蘇治洋,民主進步黨,2,N,T
雲林縣,西螺鎮,,0,0,5,3758,15.10,曾蔡美佐,中國國民黨,2,Y,T
雲林縣,西螺鎮,,0,0,6,7308,29.37,蘇文雄,中國國民黨,1,Y,T
雲林縣,西螺鎮,,0,0,7,308,1.24,鄭東來,無,1,N,
雲林縣,土庫鎮,,0,0,1,70,0.45,王德顯,無,1,N,
雲林縣,土庫鎮,,0,0,2,2792,18.03,侯惠仙,中國國民黨,2,N,T
雲林縣,土庫鎮,,0,0,3,1965,12.69,許龍俊,民主進步黨,1,N,
雲林縣,土庫鎮,,0,0,4,1823,11.77,蘇治洋,民主進步黨,2,N,T
雲林縣,土庫鎮,,0,0,5,3208,20.72,曾蔡美佐,中國國民黨,2,Y,T
雲林縣,土庫鎮,,0,0,6,5225,33.74,蘇文雄,中國國民黨,1,Y,T
雲林縣,土庫鎮,,0,0,7,402,2.60,鄭東來,無,1,N,
雲林縣,北港鎮,,0,0,1,100,0.43,王德顯,無,1,N,
雲林縣,北港鎮,,0,0,2,1763,7.64,侯惠仙,中國國民黨,2,N,T
雲林縣,北港鎮,,0,0,3,1543,6.69,許龍俊,民主進步黨,1,N,
雲林縣,北港鎮,,0,0,4,7713,33.44,蘇治洋,民主進步黨,2,N,T
雲林縣,北港鎮,,0,0,5,7555,32.76,曾蔡美佐,中國國民黨,2,Y,T
雲林縣,北港鎮,,0,0,6,2503,10.85,蘇文雄,中國國民黨,1,Y,T
雲林縣,北港鎮,,0,0,7,1886,8.18,鄭東來,無,1,N,
雲林縣,古坑鄉,,0,0,1,48,0.25,王德顯,無,1,N,
雲林縣,古坑鄉,,0,0,2,4712,24.67,侯惠仙,中國國民黨,2,N,T
雲林縣,古坑鄉,,0,0,3,1820,9.53,許龍俊,民主進步黨,1,N,
雲林縣,古坑鄉,,0,0,4,2623,13.73,蘇治洋,民主進步黨,2,N,T
雲林縣,古坑鄉,,0,0,5,3723,19.49,曾蔡美佐,中國國民黨,2,Y,T
雲林縣,古坑鄉,,0,0,6,5917,30.98,蘇文雄,中國國民黨,1,Y,T
雲林縣,古坑鄉,,0,0,7,259,1.36,鄭東來,無,1,N,
雲林縣,大埤鄉,,0,0,1,31,0.26,王德顯,無,1,N,
雲林縣,大埤鄉,,0,0,2,3358,27.64,侯惠仙,中國國民黨,2,N,T
雲林縣,大埤鄉,,0,0,3,793,6.53,許龍俊,民主進步黨,1,N,
雲林縣,大埤鄉,,0,0,4,2283,18.79,蘇治洋,民主進步黨,2,N,T
雲林縣,大埤鄉,,0,0,5,2465,20.29,曾蔡美佐,中國國民黨,2,Y,T
雲林縣,大埤鄉,,0,0,6,3074,25.30,蘇文雄,中國國民黨,1,Y,T
雲林縣,大埤鄉,,0,0,7,146,1.20,鄭東來,無,1,N,
雲林縣,莿桐鄉,,0,0,1,50,0.32,王德顯,無,1,N,
雲林縣,莿桐鄉,,0,0,2,3398,21.65,侯惠仙,中國國民黨,2,N,T
雲林縣,莿桐鄉,,0,0,3,2336,14.88,許龍俊,民主進步黨,1,N,
雲林縣,莿桐鄉,,0,0,4,2964,18.88,蘇治洋,民主進步黨,2,N,T
雲林縣,莿桐鄉,,0,0,5,3490,22.23,曾蔡美佐,中國國民黨,2,Y,T
雲林縣,莿桐鄉,,0,0,6,3226,20.55,蘇文雄,中國國民黨,1,Y,T
雲林縣,莿桐鄉,,0,0,7,232,1.48,鄭東來,無,1,N,
雲林縣,林內鄉,,0,0,1,32,0.30,王德顯,無,1,N,
雲林縣,林內鄉,,0,0,2,2539,23.57,侯惠仙,中國國民黨,2,N,T
雲林縣,林內鄉,,0,0,3,770,7.15,許龍俊,民主進步黨,1,N,
雲林縣,林內鄉,,0,0,4,2090,19.40,蘇治洋,民主進步黨,2,N,T
雲林縣,林內鄉,,0,0,5,3253,30.19,曾蔡美佐,中國國民黨,2,Y,T
雲林縣,林內鄉,,0,0,6,1913,17.76,蘇文雄,中國國民黨,1,Y,T
雲林縣,林內鄉,,0,0,7,177,1.64,鄭東來,無,1,N,
雲林縣,二崙鄉,,0,0,1,38,0.23,王德顯,無,1,N,
雲林縣,二崙鄉,,0,0,2,2707,16.44,侯惠仙,中國國民黨,2,N,T
雲林縣,二崙鄉,,0,0,3,2025,12.30,許龍俊,民主進步黨,1,N,
雲林縣,二崙鄉,,0,0,4,3233,19.63,蘇治洋,民主進步黨,2,N,T
雲林縣,二崙鄉,,0,0,5,2572,15.62,曾蔡美佐,中國國民黨,2,Y,T
雲林縣,二崙鄉,,0,0,6,5578,33.88,蘇文雄,中國國民黨,1,Y,T
雲林縣,二崙鄉,,0,0,7,313,1.90,鄭東來,無,1,N,
雲林縣,崙背鄉,,0,0,1,45,0.32,王德顯,無,1,N,
雲林縣,崙背鄉,,0,0,2,2210,15.95,侯惠仙,中國國民黨,2,N,T
雲林縣,崙背鄉,,0,0,3,1922,13.87,許龍俊,民主進步黨,1,N,
雲林縣,崙背鄉,,0,0,4,1509,10.89,蘇治洋,民主進步黨,2,N,T
雲林縣,崙背鄉,,0,0,5,2245,16.20,曾蔡美佐,中國國民黨,2,Y,T
雲林縣,崙背鄉,,0,0,6,5778,41.71,蘇文雄,中國國民黨,1,Y,T
雲林縣,崙背鄉,,0,0,7,145,1.05,鄭東來,無,1,N,
雲林縣,麥寮鄉,,0,0,1,24,0.18,王德顯,無,1,N,
雲林縣,麥寮鄉,,0,0,2,1655,12.57,侯惠仙,中國國民黨,2,N,T
雲林縣,麥寮鄉,,0,0,3,4195,31.87,許龍俊,民主進步黨,1,N,
雲林縣,麥寮鄉,,0,0,4,742,5.64,蘇治洋,民主進步黨,2,N,T
雲林縣,麥寮鄉,,0,0,5,2098,15.94,曾蔡美佐,中國國民黨,2,Y,T
雲林縣,麥寮鄉,,0,0,6,4217,32.03,蘇文雄,中國國民黨,1,Y,T
雲林縣,麥寮鄉,,0,0,7,233,1.77,鄭東來,無,1,N,
雲林縣,東勢鄉,,0,0,1,32,0.36,王德顯,無,1,N,
雲林縣,東勢鄉,,0,0,2,1640,18.67,侯惠仙,中國國民黨,2,N,T
雲林縣,東勢鄉,,0,0,3,805,9.16,許龍俊,民主進步黨,1,N,
雲林縣,東勢鄉,,0,0,4,1186,13.50,蘇治洋,民主進步黨,2,N,T
雲林縣,東勢鄉,,0,0,5,2244,25.55,曾蔡美佐,中國國民黨,2,Y,T
雲林縣,東勢鄉,,0,0,6,1953,22.23,蘇文雄,中國國民黨,1,Y,T
雲林縣,東勢鄉,,0,0,7,924,10.52,鄭東來,無,1,N,
雲林縣,褒忠鄉,,0,0,1,24,0.32,王德顯,無,1,N,
雲林縣,褒忠鄉,,0,0,2,1327,17.85,侯惠仙,中國國民黨,2,N,T
雲林縣,褒忠鄉,,0,0,3,654,8.80,許龍俊,民主進步黨,1,N,
雲林縣,褒忠鄉,,0,0,4,1032,13.88,蘇治洋,民主進步黨,2,N,T
雲林縣,褒忠鄉,,0,0,5,1357,18.26,曾蔡美佐,中國國民黨,2,Y,T
雲林縣,褒忠鄉,,0,0,6,2825,38.01,蘇文雄,中國國民黨,1,Y,T
雲林縣,褒忠鄉,,0,0,7,214,2.88,鄭東來,無,1,N,
雲林縣,臺西鄉,,0,0,1,26,0.20,王德顯,無,1,N,
雲林縣,臺西鄉,,0,0,2,2139,16.08,侯惠仙,中國國民黨,2,N,T
雲林縣,臺西鄉,,0,0,3,623,4.68,許龍俊,民主進步黨,1,N,
雲林縣,臺西鄉,,0,0,4,1335,10.04,蘇治洋,民主進步黨,2,N,T
雲林縣,臺西鄉,,0,0,5,3934,29.57,曾蔡美佐,中國國民黨,2,Y,T
雲林縣,臺西鄉,,0,0,6,4543,34.15,蘇文雄,中國國民黨,1,Y,T
雲林縣,臺西鄉,,0,0,7,702,5.28,鄭東來,無,1,N,
雲林縣,元長鄉,,0,0,1,32,0.21,王德顯,無,1,N,
雲林縣,元長鄉,,0,0,2,3118,20.53,侯惠仙,中國國民黨,2,N,T
雲林縣,元長鄉,,0,0,3,1294,8.52,許龍俊,民主進步黨,1,N,
雲林縣,元長鄉,,0,0,4,2254,14.84,蘇治洋,民主進步黨,2,N,T
雲林縣,元長鄉,,0,0,5,4155,27.36,曾蔡美佐,中國國民黨,2,Y,T
雲林縣,元長鄉,,0,0,6,4033,26.55,蘇文雄,中國國民黨,1,Y,T
雲林縣,元長鄉,,0,0,7,302,1.99,鄭東來,無,1,N,
雲林縣,四湖鄉,,0,0,1,72,0.54,王德顯,無,1,N,
雲林縣,四湖鄉,,0,0,2,1401,10.53,侯惠仙,中國國民黨,2,N,T
雲林縣,四湖鄉,,0,0,3,630,4.73,許龍俊,民主進步黨,1,N,
雲林縣,四湖鄉,,0,0,4,1994,14.98,蘇治洋,民主進步黨,2,N,T
雲林縣,四湖鄉,,0,0,5,2508,18.84,曾蔡美佐,中國國民黨,2,Y,T
雲林縣,四湖鄉,,0,0,6,3286,24.69,蘇文雄,中國國民黨,1,Y,T
雲林縣,四湖鄉,,0,0,7,3419,25.69,鄭東來,無,1,N,
雲林縣,口湖鄉,,0,0,1,173,1.14,王德顯,無,1,N,
雲林縣,口湖鄉,,0,0,2,2406,15.85,侯惠仙,中國國民黨,2,N,T
雲林縣,口湖鄉,,0,0,3,497,3.27,許龍俊,民主進步黨,1,N,
雲林縣,口湖鄉,,0,0,4,3178,20.94,蘇治洋,民主進步黨,2,N,T
雲林縣,口湖鄉,,0,0,5,6225,41.01,曾蔡美佐,中國國民黨,2,Y,T
雲林縣,口湖鄉,,0,0,6,1277,8.41,蘇文雄,中國國民黨,1,Y,T
雲林縣,口湖鄉,,0,0,7,1423,9.37,鄭東來,無,1,N,
雲林縣,水林鄉,,0,0,1,48,0.30,王德顯,無,1,N,
雲林縣,水林鄉,,0,0,2,2955,18.34,侯惠仙,中國國民黨,2,N,T
雲林縣,水林鄉,,0,0,3,986,6.12,許龍俊,民主進步黨,1,N,
雲林縣,水林鄉,,0,0,4,3335,20.70,蘇治洋,民主進步黨,2,N,T
雲林縣,水林鄉,,0,0,5,3849,23.89,曾蔡美佐,中國國民黨,2,Y,T
雲林縣,水林鄉,,0,0,6,4511,28.00,蘇文雄,中國國民黨,1,Y,T
雲林縣,水林鄉,,0,0,7,427,2.65,鄭東來,無,1,N,
嘉義縣,太保市,,0,0,1,218,1.43,許能通,無,1,N,
嘉義縣,太保市,,0,0,2,4763,31.32,侯海熊,無,1,N,
嘉義縣,太保市,,0,0,3,4585,30.15,陳明文,中國國民黨,1,Y,T
嘉義縣,太保市,,0,0,4,1826,12.01,許登宮,無,1,N,T
嘉義縣,太保市,,0,0,5,2897,19.05,黃永聰,民主進步黨,1,N,T
嘉義縣,太保市,,0,0,6,919,6.04,黃朝揚,中國國民黨,1,N,
嘉義縣,朴子市,,0,0,1,132,0.58,許能通,無,1,N,
嘉義縣,朴子市,,0,0,2,3355,14.84,侯海熊,無,1,N,
嘉義縣,朴子市,,0,0,3,8369,37.03,陳明文,中國國民黨,1,Y,T
嘉義縣,朴子市,,0,0,4,3593,15.90,許登宮,無,1,N,T
嘉義縣,朴子市,,0,0,5,6078,26.89,黃永聰,民主進步黨,1,N,T
嘉義縣,朴子市,,0,0,6,1075,4.76,黃朝揚,中國國民黨,1,N,
嘉義縣,布袋鎮,,0,0,1,110,0.61,許能通,無,1,N,
嘉義縣,布袋鎮,,0,0,2,3318,18.38,侯海熊,無,1,N,
嘉義縣,布袋鎮,,0,0,3,4816,26.68,陳明文,中國國民黨,1,Y,T
嘉義縣,布袋鎮,,0,0,4,5171,28.65,許登宮,無,1,N,T
嘉義縣,布袋鎮,,0,0,5,3890,21.55,黃永聰,民主進步黨,1,N,T
嘉義縣,布袋鎮,,0,0,6,746,4.13,黃朝揚,中國國民黨,1,N,
嘉義縣,大林鎮,,0,0,1,1531,7.89,許能通,無,1,N,
嘉義縣,大林鎮,,0,0,2,3337,17.19,侯海熊,無,1,N,
嘉義縣,大林鎮,,0,0,3,5609,28.90,陳明文,中國國民黨,1,Y,T
嘉義縣,大林鎮,,0,0,4,4405,22.69,許登宮,無,1,N,T
嘉義縣,大林鎮,,0,0,5,2758,14.21,黃永聰,民主進步黨,1,N,T
嘉義縣,大林鎮,,0,0,6,1771,9.12,黃朝揚,中國國民黨,1,N,
嘉義縣,民雄鄉,,0,0,1,3844,11.64,許能通,無,1,N,
嘉義縣,民雄鄉,,0,0,2,2732,8.27,侯海熊,無,1,N,
嘉義縣,民雄鄉,,0,0,3,5297,16.04,陳明文,中國國民黨,1,Y,T
嘉義縣,民雄鄉,,0,0,4,14750,44.66,許登宮,無,1,N,T
嘉義縣,民雄鄉,,0,0,5,4364,13.21,黃永聰,民主進步黨,1,N,T
嘉義縣,民雄鄉,,0,0,6,2037,6.17,黃朝揚,中國國民黨,1,N,
嘉義縣,溪口鄉,,0,0,1,1971,19.77,許能通,無,1,N,
嘉義縣,溪口鄉,,0,0,2,1404,14.08,侯海熊,無,1,N,
嘉義縣,溪口鄉,,0,0,3,2642,26.49,陳明文,中國國民黨,1,Y,T
嘉義縣,溪口鄉,,0,0,4,2190,21.96,許登宮,無,1,N,T
嘉義縣,溪口鄉,,0,0,5,1360,13.64,黃永聰,民主進步黨,1,N,T
嘉義縣,溪口鄉,,0,0,6,405,4.06,黃朝揚,中國國民黨,1,N,
嘉義縣,新港鄉,,0,0,1,1840,9.84,許能通,無,1,N,
嘉義縣,新港鄉,,0,0,2,2636,14.09,侯海熊,無,1,N,
嘉義縣,新港鄉,,0,0,3,5009,26.78,陳明文,中國國民黨,1,Y,T
嘉義縣,新港鄉,,0,0,4,4166,22.27,許登宮,無,1,N,T
嘉義縣,新港鄉,,0,0,5,4045,21.63,黃永聰,民主進步黨,1,N,T
嘉義縣,新港鄉,,0,0,6,1008,5.39,黃朝揚,中國國民黨,1,N,
嘉義縣,六腳鄉,,0,0,1,193,1.17,許能通,無,1,N,
嘉義縣,六腳鄉,,0,0,2,5864,35.58,侯海熊,無,1,N,
嘉義縣,六腳鄉,,0,0,3,4025,24.42,陳明文,中國國民黨,1,Y,T
嘉義縣,六腳鄉,,0,0,4,3345,20.30,許登宮,無,1,N,T
嘉義縣,六腳鄉,,0,0,5,2487,15.09,黃永聰,民主進步黨,1,N,T
嘉義縣,六腳鄉,,0,0,6,566,3.43,黃朝揚,中國國民黨,1,N,
嘉義縣,東石鄉,,0,0,1,109,0.66,許能通,無,1,N,
嘉義縣,東石鄉,,0,0,2,3267,19.78,侯海熊,無,1,N,
嘉義縣,東石鄉,,0,0,3,5026,30.43,陳明文,中國國民黨,1,Y,T
嘉義縣,東石鄉,,0,0,4,5356,32.43,許登宮,無,1,N,T
嘉義縣,東石鄉,,0,0,5,2311,13.99,黃永聰,民主進步黨,1,N,T
嘉義縣,東石鄉,,0,0,6,446,2.70,黃朝揚,中國國民黨,1,N,
嘉義縣,義竹鄉,,0,0,1,76,0.54,許能通,無,1,N,
嘉義縣,義竹鄉,,0,0,2,1897,13.40,侯海熊,無,1,N,
嘉義縣,義竹鄉,,0,0,3,5085,35.92,陳明文,中國國民黨,1,Y,T
嘉義縣,義竹鄉,,0,0,4,4432,31.31,許登宮,無,1,N,T
嘉義縣,義竹鄉,,0,0,5,2243,15.84,黃永聰,民主進步黨,1,N,T
嘉義縣,義竹鄉,,0,0,6,423,2.99,黃朝揚,中國國民黨,1,N,
嘉義縣,鹿草鄉,,0,0,1,88,0.81,許能通,無,1,N,
嘉義縣,鹿草鄉,,0,0,2,2636,24.34,侯海熊,無,1,N,
嘉義縣,鹿草鄉,,0,0,3,2786,25.73,陳明文,中國國民黨,1,Y,T
嘉義縣,鹿草鄉,,0,0,4,2698,24.92,許登宮,無,1,N,T
嘉義縣,鹿草鄉,,0,0,5,2141,19.77,黃永聰,民主進步黨,1,N,T
嘉義縣,鹿草鄉,,0,0,6,479,4.42,黃朝揚,中國國民黨,1,N,
嘉義縣,水上鄉,,0,0,1,367,1.29,許能通,無,1,N,
嘉義縣,水上鄉,,0,0,2,4349,15.33,侯海熊,無,1,N,
嘉義縣,水上鄉,,0,0,3,8127,28.65,陳明文,中國國民黨,1,Y,T
嘉義縣,水上鄉,,0,0,4,3929,13.85,許登宮,無,1,N,T
嘉義縣,水上鄉,,0,0,5,5210,18.36,黃永聰,民主進步黨,1,N,T
嘉義縣,水上鄉,,0,0,6,6389,22.52,黃朝揚,中國國民黨,1,N,
嘉義縣,中埔鄉,,0,0,1,357,1.52,許能通,無,1,N,
嘉義縣,中埔鄉,,0,0,2,2323,9.92,侯海熊,無,1,N,
嘉義縣,中埔鄉,,0,0,3,7682,32.80,陳明文,中國國民黨,1,Y,T
嘉義縣,中埔鄉,,0,0,4,5411,23.10,許登宮,無,1,N,T
嘉義縣,中埔鄉,,0,0,5,5031,21.48,黃永聰,民主進步黨,1,N,T
嘉義縣,中埔鄉,,0,0,6,2617,11.17,黃朝揚,中國國民黨,1,N,
嘉義縣,竹崎鄉,,0,0,1,304,1.37,許能通,無,1,N,
嘉義縣,竹崎鄉,,0,0,2,3214,14.44,侯海熊,無,1,N,
嘉義縣,竹崎鄉,,0,0,3,7172,32.22,陳明文,中國國民黨,1,Y,T
嘉義縣,竹崎鄉,,0,0,4,6204,27.87,許登宮,無,1,N,T
嘉義縣,竹崎鄉,,0,0,5,3613,16.23,黃永聰,民主進步黨,1,N,T
嘉義縣,竹崎鄉,,0,0,6,1752,7.87,黃朝揚,中國國民黨,1,N,
嘉義縣,梅山鄉,,0,0,1,289,2.20,許能通,無,1,N,
嘉義縣,梅山鄉,,0,0,2,2312,17.57,侯海熊,無,1,N,
嘉義縣,梅山鄉,,0,0,3,4579,34.80,陳明文,中國國民黨,1,Y,T
嘉義縣,梅山鄉,,0,0,4,3318,25.21,許登宮,無,1,N,T
嘉義縣,梅山鄉,,0,0,5,1979,15.04,黃永聰,民主進步黨,1,N,T
嘉義縣,梅山鄉,,0,0,6,682,5.18,黃朝揚,中國國民黨,1,N,
嘉義縣,番路鄉,,0,0,1,131,2.02,許能通,無,1,N,
嘉義縣,番路鄉,,0,0,2,1324,20.43,侯海熊,無,1,N,
嘉義縣,番路鄉,,0,0,3,2088,32.21,陳明文,中國國民黨,1,Y,T
嘉義縣,番路鄉,,0,0,4,1469,22.66,許登宮,無,1,N,T
嘉義縣,番路鄉,,0,0,5,1098,16.94,黃永聰,民主進步黨,1,N,T
嘉義縣,番路鄉,,0,0,6,372,5.74,黃朝揚,中國國民黨,1,N,
嘉義縣,大埔鄉,,0,0,1,20,1.02,許能通,無,1,N,
嘉義縣,大埔鄉,,0,0,2,394,20.04,侯海熊,無,1,N,
嘉義縣,大埔鄉,,0,0,3,390,19.84,陳明文,中國國民黨,1,Y,T
嘉義縣,大埔鄉,,0,0,4,871,44.30,許登宮,無,1,N,T
嘉義縣,大埔鄉,,0,0,5,202,10.27,黃永聰,民主進步黨,1,N,T
嘉義縣,大埔鄉,,0,0,6,89,4.53,黃朝揚,中國國民黨,1,N,
嘉義縣,阿里山鄉,,0,0,1,16,1.32,許能通,無,1,N,
嘉義縣,阿里山鄉,,0,0,2,441,36.27,侯海熊,無,1,N,
嘉義縣,阿里山鄉,,0,0,3,147,12.09,陳明文,中國國民黨,1,Y,T
嘉義縣,阿里山鄉,,0,0,4,353,29.03,許登宮,無,1,N,T
嘉義縣,阿里山鄉,,0,0,5,112,9.21,黃永聰,民主進步黨,1,N,T
嘉義縣,阿里山鄉,,0,0,6,147,12.09,黃朝揚,中國國民黨,1,N,
臺南縣,新營市,,0,0,1,201,0.56,胡雅棠,無,1,N,
臺南縣,新營市,,0,0,2,2313,6.47,方醫良,中國國民黨,1,N,T
臺南縣,新營市,,0,0,3,1427,3.99,楊來勇,中國國民黨,1,N,
臺南縣,新營市,,0,0,4,8694,24.32,莊志政,中國國民黨,1,N,
臺南縣,新營市,,0,0,5,3081,8.62,鄭國忠,民主進步黨,1,N,T
臺南縣,新營市,,0,0,6,185,0.52,陳忠凱,無,1,N,
臺南縣,新營市,,0,0,7,4914,13.74,顏胡秀英,中國國民黨,2,N,
臺南縣,新營市,,0,0,8,9906,27.71,葉宜津,民主進步黨,2,N,T
臺南縣,新營市,,0,0,9,1943,5.43,謝鈞惠,中國國民黨,1,N,T
臺南縣,新營市,,0,0,10,3091,8.64,謝三升,民主進步黨,1,N,T
臺南縣,鹽水鎮,,0,0,1,60,0.41,胡雅棠,無,1,N,
臺南縣,鹽水鎮,,0,0,2,1623,11.06,方醫良,中國國民黨,1,N,T
臺南縣,鹽水鎮,,0,0,3,713,4.86,楊來勇,中國國民黨,1,N,
臺南縣,鹽水鎮,,0,0,4,1315,8.96,莊志政,中國國民黨,1,N,
臺南縣,鹽水鎮,,0,0,5,1581,10.77,鄭國忠,民主進步黨,1,N,T
臺南縣,鹽水鎮,,0,0,6,941,6.41,陳忠凱,無,1,N,
臺南縣,鹽水鎮,,0,0,7,1348,9.19,顏胡秀英,中國國民黨,2,N,
臺南縣,鹽水鎮,,0,0,8,3612,24.61,葉宜津,民主進步黨,2,N,T
臺南縣,鹽水鎮,,0,0,9,900,6.13,謝鈞惠,中國國民黨,1,N,T
臺南縣,鹽水鎮,,0,0,10,2582,17.59,謝三升,民主進步黨,1,N,T
臺南縣,白河鎮,,0,0,1,86,0.44,胡雅棠,無,1,N,
臺南縣,白河鎮,,0,0,2,3059,15.59,方醫良,中國國民黨,1,N,T
臺南縣,白河鎮,,0,0,3,981,5.00,楊來勇,中國國民黨,1,N,
臺南縣,白河鎮,,0,0,4,1276,6.50,莊志政,中國國民黨,1,N,
臺南縣,白河鎮,,0,0,5,2267,11.56,鄭國忠,民主進步黨,1,N,T
臺南縣,白河鎮,,0,0,6,126,0.64,陳忠凱,無,1,N,
臺南縣,白河鎮,,0,0,7,1660,8.46,顏胡秀英,中國國民黨,2,N,
臺南縣,白河鎮,,0,0,8,5090,25.94,葉宜津,民主進步黨,2,N,T
臺南縣,白河鎮,,0,0,9,3103,15.82,謝鈞惠,中國國民黨,1,N,T
臺南縣,白河鎮,,0,0,10,1971,10.05,謝三升,民主進步黨,1,N,T
臺南縣,柳營鄉,,0,0,1,41,0.32,胡雅棠,無,1,N,
臺南縣,柳營鄉,,0,0,2,752,5.87,方醫良,中國國民黨,1,N,T
臺南縣,柳營鄉,,0,0,3,1275,9.95,楊來勇,中國國民黨,1,N,
臺南縣,柳營鄉,,0,0,4,1924,15.02,莊志政,中國國民黨,1,N,
臺南縣,柳營鄉,,0,0,5,1157,9.03,鄭國忠,民主進步黨,1,N,T
臺南縣,柳營鄉,,0,0,6,67,0.52,陳忠凱,無,1,N,
臺南縣,柳營鄉,,0,0,7,1455,11.36,顏胡秀英,中國國民黨,2,N,
臺南縣,柳營鄉,,0,0,8,3526,27.52,葉宜津,民主進步黨,2,N,T
臺南縣,柳營鄉,,0,0,9,1596,12.46,謝鈞惠,中國國民黨,1,N,T
臺南縣,柳營鄉,,0,0,10,1020,7.96,謝三升,民主進步黨,1,N,T
臺南縣,後壁鄉,,0,0,1,53,0.33,胡雅棠,無,1,N,
臺南縣,後壁鄉,,0,0,2,2152,13.46,方醫良,中國國民黨,1,N,T
臺南縣,後壁鄉,,0,0,3,791,4.95,楊來勇,中國國民黨,1,N,
臺南縣,後壁鄉,,0,0,4,1409,8.81,莊志政,中國國民黨,1,N,
臺南縣,後壁鄉,,0,0,5,1224,7.66,鄭國忠,民主進步黨,1,N,T
臺南縣,後壁鄉,,0,0,6,151,0.94,陳忠凱,無,1,N,
臺南縣,後壁鄉,,0,0,7,2203,13.78,顏胡秀英,中國國民黨,2,N,
臺南縣,後壁鄉,,0,0,8,5289,33.08,葉宜津,民主進步黨,2,N,T
臺南縣,後壁鄉,,0,0,9,1775,11.10,謝鈞惠,中國國民黨,1,N,T
臺南縣,後壁鄉,,0,0,10,940,5.88,謝三升,民主進步黨,1,N,T
臺南縣,東山鄉,,0,0,1,57,0.44,胡雅棠,無,1,N,
臺南縣,東山鄉,,0,0,2,1538,11.91,方醫良,中國國民黨,1,N,T
臺南縣,東山鄉,,0,0,3,1045,8.09,楊來勇,中國國民黨,1,N,
臺南縣,東山鄉,,0,0,4,1234,9.56,莊志政,中國國民黨,1,N,
臺南縣,東山鄉,,0,0,5,1195,9.26,鄭國忠,民主進步黨,1,N,T
臺南縣,東山鄉,,0,0,6,86,0.67,陳忠凱,無,1,N,
臺南縣,東山鄉,,0,0,7,1938,15.01,顏胡秀英,中國國民黨,2,N,
臺南縣,東山鄉,,0,0,8,2839,21.99,葉宜津,民主進步黨,2,N,T
臺南縣,東山鄉,,0,0,9,1306,10.12,謝鈞惠,中國國民黨,1,N,T
臺南縣,東山鄉,,0,0,10,1672,12.95,謝三升,民主進步黨,1,N,T
臺南縣,麻豆鎮,,0,0,1,182,0.73,胡雅棠,無,1,N,
臺南縣,麻豆鎮,,0,0,2,1903,7.60,方醫良,中國國民黨,1,N,T
臺南縣,麻豆鎮,,0,0,3,1625,6.49,楊來勇,中國國民黨,1,N,
臺南縣,麻豆鎮,,0,0,4,1581,6.31,莊志政,中國國民黨,1,N,
臺南縣,麻豆鎮,,0,0,5,3829,15.29,鄭國忠,民主進步黨,1,N,T
臺南縣,麻豆鎮,,0,0,6,98,0.39,陳忠凱,無,1,N,
臺南縣,麻豆鎮,,0,0,7,2716,10.85,顏胡秀英,中國國民黨,2,N,
臺南縣,麻豆鎮,,0,0,8,5333,21.30,葉宜津,民主進步黨,2,N,T
臺南縣,麻豆鎮,,0,0,9,1701,6.79,謝鈞惠,中國國民黨,1,N,T
臺南縣,麻豆鎮,,0,0,10,6069,24.24,謝三升,民主進步黨,1,N,T
臺南縣,下營鄉,,0,0,1,71,0.48,胡雅棠,無,1,N,
臺南縣,下營鄉,,0,0,2,1873,12.68,方醫良,中國國民黨,1,N,T
臺南縣,下營鄉,,0,0,3,953,6.45,楊來勇,中國國民黨,1,N,
臺南縣,下營鄉,,0,0,4,984,6.66,莊志政,中國國民黨,1,N,
臺南縣,下營鄉,,0,0,5,1561,10.57,鄭國忠,民主進步黨,1,N,T
臺南縣,下營鄉,,0,0,6,62,0.42,陳忠凱,無,1,N,
臺南縣,下營鄉,,0,0,7,2211,14.97,顏胡秀英,中國國民黨,2,N,
臺南縣,下營鄉,,0,0,8,2664,18.04,葉宜津,民主進步黨,2,N,T
臺南縣,下營鄉,,0,0,9,1628,11.02,謝鈞惠,中國國民黨,1,N,T
臺南縣,下營鄉,,0,0,10,2764,18.71,謝三升,民主進步黨,1,N,T
臺南縣,六甲鄉,,0,0,1,47,0.37,胡雅棠,無,1,N,
臺南縣,六甲鄉,,0,0,2,834,6.60,方醫良,中國國民黨,1,N,T
臺南縣,六甲鄉,,0,0,3,827,6.55,楊來勇,中國國民黨,1,N,
臺南縣,六甲鄉,,0,0,4,898,7.11,莊志政,中國國民黨,1,N,
臺南縣,六甲鄉,,0,0,5,1745,13.82,鄭國忠,民主進步黨,1,N,T
臺南縣,六甲鄉,,0,0,6,63,0.50,陳忠凱,無,1,N,
臺南縣,六甲鄉,,0,0,7,3155,24.98,顏胡秀英,中國國民黨,2,N,
臺南縣,六甲鄉,,0,0,8,3647,28.88,葉宜津,民主進步黨,2,N,T
臺南縣,六甲鄉,,0,0,9,543,4.30,謝鈞惠,中國國民黨,1,N,T
臺南縣,六甲鄉,,0,0,10,869,6.88,謝三升,民主進步黨,1,N,T
臺南縣,官田鄉,,0,0,1,65,0.49,胡雅棠,無,1,N,
臺南縣,官田鄉,,0,0,2,2165,16.21,方醫良,中國國民黨,1,N,T
臺南縣,官田鄉,,0,0,3,1277,9.56,楊來勇,中國國民黨,1,N,
臺南縣,官田鄉,,0,0,4,938,7.02,莊志政,中國國民黨,1,N,
臺南縣,官田鄉,,0,0,5,2049,15.34,鄭國忠,民主進步黨,1,N,T
臺南縣,官田鄉,,0,0,6,46,0.34,陳忠凱,無,1,N,
臺南縣,官田鄉,,0,0,7,1278,9.57,顏胡秀英,中國國民黨,2,N,
臺南縣,官田鄉,,0,0,8,2802,20.98,葉宜津,民主進步黨,2,N,T
臺南縣,官田鄉,,0,0,9,1384,10.36,謝鈞惠,中國國民黨,1,N,T
臺南縣,官田鄉,,0,0,10,1353,10.13,謝三升,民主進步黨,1,N,T
臺南縣,大內鄉,,0,0,1,53,0.75,胡雅棠,無,1,N,
臺南縣,大內鄉,,0,0,2,776,10.92,方醫良,中國國民黨,1,N,T
臺南縣,大內鄉,,0,0,3,634,8.93,楊來勇,中國國民黨,1,N,
臺南縣,大內鄉,,0,0,4,421,5.93,莊志政,中國國民黨,1,N,
臺南縣,大內鄉,,0,0,5,1549,21.81,鄭國忠,民主進步黨,1,N,T
臺南縣,大內鄉,,0,0,6,21,0.30,陳忠凱,無,1,N,
臺南縣,大內鄉,,0,0,7,665,9.36,顏胡秀英,中國國民黨,2,N,
臺南縣,大內鄉,,0,0,8,877,12.35,葉宜津,民主進步黨,2,N,T
臺南縣,大內鄉,,0,0,9,1182,16.64,謝鈞惠,中國國民黨,1,N,T
臺南縣,大內鄉,,0,0,10,925,13.02,謝三升,民主進步黨,1,N,T
臺南縣,佳里鎮,,0,0,1,152,0.55,胡雅棠,無,1,N,
臺南縣,佳里鎮,,0,0,2,5942,21.61,方醫良,中國國民黨,1,N,T
臺南縣,佳里鎮,,0,0,3,1587,5.77,楊來勇,中國國民黨,1,N,
臺南縣,佳里鎮,,0,0,4,1191,4.33,莊志政,中國國民黨,1,N,
臺南縣,佳里鎮,,0,0,5,3513,12.78,鄭國忠,民主進步黨,1,N,T
臺南縣,佳里鎮,,0,0,6,83,0.30,陳忠凱,無,1,N,
臺南縣,佳里鎮,,0,0,7,1905,6.93,顏胡秀英,中國國民黨,2,N,
臺南縣,佳里鎮,,0,0,8,4662,16.96,葉宜津,民主進步黨,2,N,T
臺南縣,佳里鎮,,0,0,9,1742,6.34,謝鈞惠,中國國民黨,1,N,T
臺南縣,佳里鎮,,0,0,10,6719,24.44,謝三升,民主進步黨,1,N,T
臺南縣,學甲鎮,,0,0,1,72,0.46,胡雅棠,無,1,N,
臺南縣,學甲鎮,,0,0,2,1327,8.42,方醫良,中國國民黨,1,N,T
臺南縣,學甲鎮,,0,0,3,398,2.53,楊來勇,中國國民黨,1,N,
臺南縣,學甲鎮,,0,0,4,763,4.84,莊志政,中國國民黨,1,N,
臺南縣,學甲鎮,,0,0,5,676,4.29,鄭國忠,民主進步黨,1,N,T
臺南縣,學甲鎮,,0,0,6,66,0.42,陳忠凱,無,1,N,
臺南縣,學甲鎮,,0,0,7,596,3.78,顏胡秀英,中國國民黨,2,N,
臺南縣,學甲鎮,,0,0,8,1002,6.36,葉宜津,民主進步黨,2,N,T
臺南縣,學甲鎮,,0,0,9,583,3.70,謝鈞惠,中國國民黨,1,N,T
臺南縣,學甲鎮,,0,0,10,10269,65.19,謝三升,民主進步黨,1,N,T
臺南縣,西港鄉,,0,0,1,54,0.42,胡雅棠,無,1,N,
臺南縣,西港鄉,,0,0,2,4289,33.37,方醫良,中國國民黨,1,N,T
臺南縣,西港鄉,,0,0,3,799,6.22,楊來勇,中國國民黨,1,N,
臺南縣,西港鄉,,0,0,4,633,4.93,莊志政,中國國民黨,1,N,
臺南縣,西港鄉,,0,0,5,1501,11.68,鄭國忠,民主進步黨,1,N,T
臺南縣,西港鄉,,0,0,6,59,0.46,陳忠凱,無,1,N,
臺南縣,西港鄉,,0,0,7,227,1.77,顏胡秀英,中國國民黨,2,N,
臺南縣,西港鄉,,0,0,8,2399,18.67,葉宜津,民主進步黨,2,N,T
臺南縣,西港鄉,,0,0,9,582,4.53,謝鈞惠,中國國民黨,1,N,T
臺南縣,西港鄉,,0,0,10,2308,17.96,謝三升,民主進步黨,1,N,T
臺南縣,七股鄉,,0,0,1,63,0.43,胡雅棠,無,1,N,
臺南縣,七股鄉,,0,0,2,4413,30.38,方醫良,中國國民黨,1,N,T
臺南縣,七股鄉,,0,0,3,766,5.27,楊來勇,中國國民黨,1,N,
臺南縣,七股鄉,,0,0,4,306,2.11,莊志政,中國國民黨,1,N,
臺南縣,七股鄉,,0,0,5,2215,15.25,鄭國忠,民主進步黨,1,N,T
臺南縣,七股鄉,,0,0,6,82,0.56,陳忠凱,無,1,N,
臺南縣,七股鄉,,0,0,7,780,5.37,顏胡秀英,中國國民黨,2,N,
臺南縣,七股鄉,,0,0,8,2662,18.33,葉宜津,民主進步黨,2,N,T
臺南縣,七股鄉,,0,0,9,979,6.74,謝鈞惠,中國國民黨,1,N,T
臺南縣,七股鄉,,0,0,10,2260,15.56,謝三升,民主進步黨,1,N,T
臺南縣,將軍鄉,,0,0,1,50,0.40,胡雅棠,無,1,N,
臺南縣,將軍鄉,,0,0,2,3029,23.95,方醫良,中國國民黨,1,N,T
臺南縣,將軍鄉,,0,0,3,1716,13.57,楊來勇,中國國民黨,1,N,
臺南縣,將軍鄉,,0,0,4,351,2.78,莊志政,中國國民黨,1,N,
臺南縣,將軍鄉,,0,0,5,1121,8.86,鄭國忠,民主進步黨,1,N,T
臺南縣,將軍鄉,,0,0,6,32,0.25,陳忠凱,無,1,N,
臺南縣,將軍鄉,,0,0,7,575,4.55,顏胡秀英,中國國民黨,2,N,
臺南縣,將軍鄉,,0,0,8,1232,9.74,葉宜津,民主進步黨,2,N,T
臺南縣,將軍鄉,,0,0,9,592,4.68,謝鈞惠,中國國民黨,1,N,T
臺南縣,將軍鄉,,0,0,10,3949,31.22,謝三升,民主進步黨,1,N,T
臺南縣,北門鄉,,0,0,1,54,0.75,胡雅棠,無,1,N,
臺南縣,北門鄉,,0,0,2,1750,24.39,方醫良,中國國民黨,1,N,T
臺南縣,北門鄉,,0,0,3,781,10.89,楊來勇,中國國民黨,1,N,
臺南縣,北門鄉,,0,0,4,305,4.25,莊志政,中國國民黨,1,N,
臺南縣,北門鄉,,0,0,5,361,5.03,鄭國忠,民主進步黨,1,N,T
臺南縣,北門鄉,,0,0,6,36,0.50,陳忠凱,無,1,N,
臺南縣,北門鄉,,0,0,7,663,9.24,顏胡秀英,中國國民黨,2,N,
臺南縣,北門鄉,,0,0,8,600,8.36,葉宜津,民主進步黨,2,N,T
臺南縣,北門鄉,,0,0,9,562,7.83,謝鈞惠,中國國民黨,1,N,T
臺南縣,北門鄉,,0,0,10,2063,28.75,謝三升,民主進步黨,1,N,T
臺南縣,新化鎮,,0,0,1,179,0.83,胡雅棠,無,1,N,
臺南縣,新化鎮,,0,0,2,3636,16.91,方醫良,中國國民黨,1,N,T
臺南縣,新化鎮,,0,0,3,1724,8.02,楊來勇,中國國民黨,1,N,
臺南縣,新化鎮,,0,0,4,2545,11.84,莊志政,中國國民黨,1,N,
臺南縣,新化鎮,,0,0,5,5607,26.08,鄭國忠,民主進步黨,1,N,T
臺南縣,新化鎮,,0,0,6,73,0.34,陳忠凱,無,1,N,
臺南縣,新化鎮,,0,0,7,2092,9.73,顏胡秀英,中國國民黨,2,N,
臺南縣,新化鎮,,0,0,8,2015,9.37,葉宜津,民主進步黨,2,N,T
臺南縣,新化鎮,,0,0,9,2220,10.33,謝鈞惠,中國國民黨,1,N,T
臺南縣,新化鎮,,0,0,10,1408,6.55,謝三升,民主進步黨,1,N,T
臺南縣,善化鎮,,0,0,1,387,1.80,胡雅棠,無,1,N,
臺南縣,善化鎮,,0,0,2,3971,18.46,方醫良,中國國民黨,1,N,T
臺南縣,善化鎮,,0,0,3,1395,6.49,楊來勇,中國國民黨,1,N,
臺南縣,善化鎮,,0,0,4,1049,4.88,莊志政,中國國民黨,1,N,
臺南縣,善化鎮,,0,0,5,4608,21.43,鄭國忠,民主進步黨,1,N,T
臺南縣,善化鎮,,0,0,6,55,0.26,陳忠凱,無,1,N,
臺南縣,善化鎮,,0,0,7,1825,8.49,顏胡秀英,中國國民黨,2,N,
臺南縣,善化鎮,,0,0,8,4016,18.67,葉宜津,民主進步黨,2,N,T
臺南縣,善化鎮,,0,0,9,2381,11.07,謝鈞惠,中國國民黨,1,N,T
臺南縣,善化鎮,,0,0,10,1820,8.46,謝三升,民主進步黨,1,N,T
臺南縣,新市鄉,,0,0,1,112,0.75,胡雅棠,無,1,N,
臺南縣,新市鄉,,0,0,2,2496,16.78,方醫良,中國國民黨,1,N,T
臺南縣,新市鄉,,0,0,3,1632,10.97,楊來勇,中國國民黨,1,N,
臺南縣,新市鄉,,0,0,4,1458,9.80,莊志政,中國國民黨,1,N,
臺南縣,新市鄉,,0,0,5,2458,16.52,鄭國忠,民主進步黨,1,N,T
臺南縣,新市鄉,,0,0,6,47,0.32,陳忠凱,無,1,N,
臺南縣,新市鄉,,0,0,7,531,3.57,顏胡秀英,中國國民黨,2,N,
臺南縣,新市鄉,,0,0,8,3649,24.53,葉宜津,民主進步黨,2,N,T
臺南縣,新市鄉,,0,0,9,730,4.91,謝鈞惠,中國國民黨,1,N,T
臺南縣,新市鄉,,0,0,10,1765,11.86,謝三升,民主進步黨,1,N,T
臺南縣,安定鄉,,0,0,1,91,0.61,胡雅棠,無,1,N,
臺南縣,安定鄉,,0,0,2,6756,45.31,方醫良,中國國民黨,1,N,T
臺南縣,安定鄉,,0,0,3,892,5.98,楊來勇,中國國民黨,1,N,
臺南縣,安定鄉,,0,0,4,237,1.59,莊志政,中國國民黨,1,N,
臺南縣,安定鄉,,0,0,5,2012,13.49,鄭國忠,民主進步黨,1,N,T
臺南縣,安定鄉,,0,0,6,48,0.32,陳忠凱,無,1,N,
臺南縣,安定鄉,,0,0,7,274,1.84,顏胡秀英,中國國民黨,2,N,
臺南縣,安定鄉,,0,0,8,2332,15.64,葉宜津,民主進步黨,2,N,T
臺南縣,安定鄉,,0,0,9,1318,8.84,謝鈞惠,中國國民黨,1,N,T
臺南縣,安定鄉,,0,0,10,950,6.37,謝三升,民主進步黨,1,N,T
臺南縣,山上鄉,,0,0,1,32,0.73,胡雅棠,無,1,N,
臺南縣,山上鄉,,0,0,2,718,16.37,方醫良,中國國民黨,1,N,T
臺南縣,山上鄉,,0,0,3,435,9.92,楊來勇,中國國民黨,1,N,
臺南縣,山上鄉,,0,0,4,269,6.13,莊志政,中國國民黨,1,N,
臺南縣,山上鄉,,0,0,5,1039,23.68,鄭國忠,民主進步黨,1,N,T
臺南縣,山上鄉,,0,0,6,12,0.27,陳忠凱,無,1,N,
臺南縣,山上鄉,,0,0,7,111,2.53,顏胡秀英,中國國民黨,2,N,
臺南縣,山上鄉,,0,0,8,501,11.42,葉宜津,民主進步黨,2,N,T
臺南縣,山上鄉,,0,0,9,472,10.76,謝鈞惠,中國國民黨,1,N,T
臺南縣,山上鄉,,0,0,10,798,18.19,謝三升,民主進步黨,1,N,T
臺南縣,玉井鄉,,0,0,1,88,0.96,胡雅棠,無,1,N,
臺南縣,玉井鄉,,0,0,2,1471,16.07,方醫良,中國國民黨,1,N,T
臺南縣,玉井鄉,,0,0,3,601,6.57,楊來勇,中國國民黨,1,N,
臺南縣,玉井鄉,,0,0,4,499,5.45,莊志政,中國國民黨,1,N,
臺南縣,玉井鄉,,0,0,5,1278,13.97,鄭國忠,民主進步黨,1,N,T
臺南縣,玉井鄉,,0,0,6,33,0.36,陳忠凱,無,1,N,
臺南縣,玉井鄉,,0,0,7,804,8.79,顏胡秀英,中國國民黨,2,N,
臺南縣,玉井鄉,,0,0,8,740,8.09,葉宜津,民主進步黨,2,N,T
臺南縣,玉井鄉,,0,0,9,2203,24.07,謝鈞惠,中國國民黨,1,N,T
臺南縣,玉井鄉,,0,0,10,1434,15.67,謝三升,民主進步黨,1,N,T
臺南縣,楠西鄉,,0,0,1,33,0.51,胡雅棠,無,1,N,
臺南縣,楠西鄉,,0,0,2,1245,19.35,方醫良,中國國民黨,1,N,T
臺南縣,楠西鄉,,0,0,3,742,11.53,楊來勇,中國國民黨,1,N,
臺南縣,楠西鄉,,0,0,4,536,8.33,莊志政,中國國民黨,1,N,
臺南縣,楠西鄉,,0,0,5,545,8.47,鄭國忠,民主進步黨,1,N,T
臺南縣,楠西鄉,,0,0,6,23,0.36,陳忠凱,無,1,N,
臺南縣,楠西鄉,,0,0,7,541,8.41,顏胡秀英,中國國民黨,2,N,
臺南縣,楠西鄉,,0,0,8,704,10.94,葉宜津,民主進步黨,2,N,T
臺南縣,楠西鄉,,0,0,9,1235,19.20,謝鈞惠,中國國民黨,1,N,T
臺南縣,楠西鄉,,0,0,10,829,12.89,謝三升,民主進步黨,1,N,T
臺南縣,南化鄉,,0,0,1,65,1.24,胡雅棠,無,1,N,
臺南縣,南化鄉,,0,0,2,1112,21.16,方醫良,中國國民黨,1,N,T
臺南縣,南化鄉,,0,0,3,513,9.76,楊來勇,中國國民黨,1,N,
臺南縣,南化鄉,,0,0,4,224,4.26,莊志政,中國國民黨,1,N,
臺南縣,南化鄉,,0,0,5,700,13.32,鄭國忠,民主進步黨,1,N,T
臺南縣,南化鄉,,0,0,6,29,0.55,陳忠凱,無,1,N,
臺南縣,南化鄉,,0,0,7,488,9.29,顏胡秀英,中國國民黨,2,N,
臺南縣,南化鄉,,0,0,8,428,8.15,葉宜津,民主進步黨,2,N,T
臺南縣,南化鄉,,0,0,9,1046,19.91,謝鈞惠,中國國民黨,1,N,T
臺南縣,南化鄉,,0,0,10,649,12.35,謝三升,民主進步黨,1,N,T
臺南縣,左鎮鄉,,0,0,1,14,0.37,胡雅棠,無,1,N,
臺南縣,左鎮鄉,,0,0,2,289,7.70,方醫良,中國國民黨,1,N,T
臺南縣,左鎮鄉,,0,0,3,530,14.12,楊來勇,中國國民黨,1,N,
臺南縣,左鎮鄉,,0,0,4,107,2.85,莊志政,中國國民黨,1,N,
臺南縣,左鎮鄉,,0,0,5,970,25.84,鄭國忠,民主進步黨,1,N,T
臺南縣,左鎮鄉,,0,0,6,10,0.27,陳忠凱,無,1,N,
臺南縣,左鎮鄉,,0,0,7,625,16.65,顏胡秀英,中國國民黨,2,N,
臺南縣,左鎮鄉,,0,0,8,288,7.67,葉宜津,民主進步黨,2,N,T
臺南縣,左鎮鄉,,0,0,9,595,15.85,謝鈞惠,中國國民黨,1,N,T
臺南縣,左鎮鄉,,0,0,10,326,8.68,謝三升,民主進步黨,1,N,T
臺南縣,仁德鄉,,0,0,1,373,1.23,胡雅棠,無,1,N,
臺南縣,仁德鄉,,0,0,2,3213,10.57,方醫良,中國國民黨,1,N,T
臺南縣,仁德鄉,,0,0,3,3728,12.26,楊來勇,中國國民黨,1,N,
臺南縣,仁德鄉,,0,0,4,3827,12.59,莊志政,中國國民黨,1,N,
臺南縣,仁德鄉,,0,0,5,4845,15.94,鄭國忠,民主進步黨,1,N,T
臺南縣,仁德鄉,,0,0,6,373,1.23,陳忠凱,無,1,N,
臺南縣,仁德鄉,,0,0,7,1776,5.84,顏胡秀英,中國國民黨,2,N,
臺南縣,仁德鄉,,0,0,8,6237,20.52,葉宜津,民主進步黨,2,N,T
臺南縣,仁德鄉,,0,0,9,3300,10.85,謝鈞惠,中國國民黨,1,N,T
臺南縣,仁德鄉,,0,0,10,2730,8.98,謝三升,民主進步黨,1,N,T
臺南縣,歸仁鄉,,0,0,1,214,0.77,胡雅棠,無,1,N,
臺南縣,歸仁鄉,,0,0,2,2221,7.98,方醫良,中國國民黨,1,N,T
臺南縣,歸仁鄉,,0,0,3,3437,12.36,楊來勇,中國國民黨,1,N,
臺南縣,歸仁鄉,,0,0,4,2907,10.45,莊志政,中國國民黨,1,N,
臺南縣,歸仁鄉,,0,0,5,4333,15.58,鄭國忠,民主進步黨,1,N,T
臺南縣,歸仁鄉,,0,0,6,161,0.58,陳忠凱,無,1,N,
臺南縣,歸仁鄉,,0,0,7,2297,8.26,顏胡秀英,中國國民黨,2,N,
臺南縣,歸仁鄉,,0,0,8,6968,25.05,葉宜津,民主進步黨,2,N,T
臺南縣,歸仁鄉,,0,0,9,2003,7.20,謝鈞惠,中國國民黨,1,N,T
臺南縣,歸仁鄉,,0,0,10,3275,11.77,謝三升,民主進步黨,1,N,T
臺南縣,關廟鄉,,0,0,1,434,2.19,胡雅棠,無,1,N,
臺南縣,關廟鄉,,0,0,2,1674,8.45,方醫良,中國國民黨,1,N,T
臺南縣,關廟鄉,,0,0,3,1680,8.48,楊來勇,中國國民黨,1,N,
臺南縣,關廟鄉,,0,0,4,1221,6.16,莊志政,中國國民黨,1,N,
臺南縣,關廟鄉,,0,0,5,2873,14.50,鄭國忠,民主進步黨,1,N,T
臺南縣,關廟鄉,,0,0,6,94,0.47,陳忠凱,無,1,N,
臺南縣,關廟鄉,,0,0,7,906,4.57,顏胡秀英,中國國民黨,2,N,
臺南縣,關廟鄉,,0,0,8,5250,26.49,葉宜津,民主進步黨,2,N,T
臺南縣,關廟鄉,,0,0,9,3659,18.46,謝鈞惠,中國國民黨,1,N,T
臺南縣,關廟鄉,,0,0,10,2027,10.23,謝三升,民主進步黨,1,N,T
臺南縣,龍崎鄉,,0,0,1,20,0.67,胡雅棠,無,1,N,
臺南縣,龍崎鄉,,0,0,2,689,23.14,方醫良,中國國民黨,1,N,T
臺南縣,龍崎鄉,,0,0,3,282,9.47,楊來勇,中國國民黨,1,N,
臺南縣,龍崎鄉,,0,0,4,82,2.75,莊志政,中國國民黨,1,N,
臺南縣,龍崎鄉,,0,0,5,355,11.92,鄭國忠,民主進步黨,1,N,T
臺南縣,龍崎鄉,,0,0,6,13,0.44,陳忠凱,無,1,N,
臺南縣,龍崎鄉,,0,0,7,36,1.21,顏胡秀英,中國國民黨,2,N,
臺南縣,龍崎鄉,,0,0,8,380,12.76,葉宜津,民主進步黨,2,N,T
臺南縣,龍崎鄉,,0,0,9,913,30.67,謝鈞惠,中國國民黨,1,N,T
臺南縣,龍崎鄉,,0,0,10,207,6.95,謝三升,民主進步黨,1,N,T
臺南縣,永康市,,0,0,1,896,1.18,胡雅棠,無,1,N,
臺南縣,永康市,,0,0,2,7101,9.32,方醫良,中國國民黨,1,N,T
臺南縣,永康市,,0,0,3,12143,15.94,楊來勇,中國國民黨,1,N,
臺南縣,永康市,,0,0,4,9035,11.86,莊志政,中國國民黨,1,N,
臺南縣,永康市,,0,0,5,10828,14.22,鄭國忠,民主進步黨,1,N,T
臺南縣,永康市,,0,0,6,341,0.45,陳忠凱,無,1,N,
臺南縣,永康市,,0,0,7,1475,1.94,顏胡秀英,中國國民黨,2,N,
臺南縣,永康市,,0,0,8,12709,16.68,葉宜津,民主進步黨,2,N,T
臺南縣,永康市,,0,0,9,14840,19.48,謝鈞惠,中國國民黨,1,N,T
臺南縣,永康市,,0,0,10,6804,8.93,謝三升,民主進步黨,1,N,T
高雄縣,鳳山市,,0,0,1,268,0.18,黃豐生,無,1,N,
高雄縣,鳳山市,,0,0,2,9125,6.27,許福森,無,1,N,
高雄縣,鳳山市,,0,0,3,13787,9.47,蕭漢俊,中國國民黨,1,N,
高雄縣,鳳山市,,0,0,4,8072,5.55,吳陳惠珍,民主進步黨,2,N,
高雄縣,鳳山市,,0,0,5,10075,6.92,鍾德珍,無,1,Y,
高雄縣,鳳山市,,0,0,6,11774,8.09,林仙保,中國國民黨,1,Y,T
高雄縣,鳳山市,,0,0,7,447,0.31,李天水,無,1,N,
高雄縣,鳳山市,,0,0,8,32339,22.22,楊秋興,民主進步黨,1,N,T
高雄縣,鳳山市,,0,0,9,19545,13.43,鍾紹和,中國國民黨,1,N,T
高雄縣,鳳山市,,0,0,10,8739,6.00,吳陳瓊秋,中國國民黨,2,N,
高雄縣,鳳山市,,0,0,11,17699,12.16,趙良燕,無,2,N,T
高雄縣,鳳山市,,0,0,12,13696,9.41,余政道,民主進步黨,1,N,T
高雄縣,林園鄉,,0,0,1,250,0.77,黃豐生,無,1,N,
高雄縣,林園鄉,,0,0,2,3029,9.32,許福森,無,1,N,
高雄縣,林園鄉,,0,0,3,1963,6.04,蕭漢俊,中國國民黨,1,N,
高雄縣,林園鄉,,0,0,4,2574,7.92,吳陳惠珍,民主進步黨,2,N,
高雄縣,林園鄉,,0,0,5,2007,6.18,鍾德珍,無,1,Y,
高雄縣,林園鄉,,0,0,6,3662,11.27,林仙保,中國國民黨,1,Y,T
高雄縣,林園鄉,,0,0,7,1418,4.37,李天水,無,1,N,
高雄縣,林園鄉,,0,0,8,3085,9.50,楊秋興,民主進步黨,1,N,T
高雄縣,林園鄉,,0,0,9,3512,10.81,鍾紹和,中國國民黨,1,N,T
高雄縣,林園鄉,,0,0,10,3581,11.02,吳陳瓊秋,中國國民黨,2,N,
高雄縣,林園鄉,,0,0,11,2468,7.60,趙良燕,無,2,N,T
高雄縣,林園鄉,,0,0,12,4936,15.19,余政道,民主進步黨,1,N,T
高雄縣,大寮鄉,,0,0,1,123,0.23,黃豐生,無,1,N,
高雄縣,大寮鄉,,0,0,2,3331,6.12,許福森,無,1,N,
高雄縣,大寮鄉,,0,0,3,3369,6.19,蕭漢俊,中國國民黨,1,N,
高雄縣,大寮鄉,,0,0,4,3137,5.76,吳陳惠珍,民主進步黨,2,N,
高雄縣,大寮鄉,,0,0,5,3147,5.78,鍾德珍,無,1,Y,
高雄縣,大寮鄉,,0,0,6,5874,10.79,林仙保,中國國民黨,1,Y,T
高雄縣,大寮鄉,,0,0,7,329,0.60,李天水,無,1,N,
高雄縣,大寮鄉,,0,0,8,6900,12.67,楊秋興,民主進步黨,1,N,T
高雄縣,大寮鄉,,0,0,9,5109,9.38,鍾紹和,中國國民黨,1,N,T
高雄縣,大寮鄉,,0,0,10,5104,9.37,吳陳瓊秋,中國國民黨,2,N,
高雄縣,大寮鄉,,0,0,11,9862,18.11,趙良燕,無,2,N,T
高雄縣,大寮鄉,,0,0,12,8173,15.01,余政道,民主進步黨,1,N,T
高雄縣,大樹鄉,,0,0,1,42,0.17,黃豐生,無,1,N,
高雄縣,大樹鄉,,0,0,2,1572,6.32,許福森,無,1,N,
高雄縣,大樹鄉,,0,0,3,1372,5.52,蕭漢俊,中國國民黨,1,N,
高雄縣,大樹鄉,,0,0,4,2545,10.24,吳陳惠珍,民主進步黨,2,N,
高雄縣,大樹鄉,,0,0,5,2794,11.24,鍾德珍,無,1,Y,
高雄縣,大樹鄉,,0,0,6,1987,7.99,林仙保,中國國民黨,1,Y,T
高雄縣,大樹鄉,,0,0,7,91,0.37,李天水,無,1,N,
高雄縣,大樹鄉,,0,0,8,2980,11.99,楊秋興,民主進步黨,1,N,T
高雄縣,大樹鄉,,0,0,9,2588,10.41,鍾紹和,中國國民黨,1,N,T
高雄縣,大樹鄉,,0,0,10,2757,11.09,吳陳瓊秋,中國國民黨,2,N,
高雄縣,大樹鄉,,0,0,11,1580,6.36,趙良燕,無,2,N,T
高雄縣,大樹鄉,,0,0,12,4552,18.31,余政道,民主進步黨,1,N,T
高雄縣,大社鄉,,0,0,1,26,0.17,黃豐生,無,1,N,
高雄縣,大社鄉,,0,0,2,692,4.61,許福森,無,1,N,
高雄縣,大社鄉,,0,0,3,1504,10.01,蕭漢俊,中國國民黨,1,N,
高雄縣,大社鄉,,0,0,4,907,6.04,吳陳惠珍,民主進步黨,2,N,
高雄縣,大社鄉,,0,0,5,1510,10.05,鍾德珍,無,1,Y,
高雄縣,大社鄉,,0,0,6,1053,7.01,林仙保,中國國民黨,1,Y,T
高雄縣,大社鄉,,0,0,7,37,0.25,李天水,無,1,N,
高雄縣,大社鄉,,0,0,8,3177,21.14,楊秋興,民主進步黨,1,N,T
高雄縣,大社鄉,,0,0,9,1555,10.35,鍾紹和,中國國民黨,1,N,T
高雄縣,大社鄉,,0,0,10,559,3.72,吳陳瓊秋,中國國民黨,2,N,
高雄縣,大社鄉,,0,0,11,620,4.13,趙良燕,無,2,N,T
高雄縣,大社鄉,,0,0,12,3386,22.53,余政道,民主進步黨,1,N,T
高雄縣,仁武鄉,,0,0,1,45,0.22,黃豐生,無,1,N,
高雄縣,仁武鄉,,0,0,2,1291,6.35,許福森,無,1,N,
高雄縣,仁武鄉,,0,0,3,1250,6.15,蕭漢俊,中國國民黨,1,N,
高雄縣,仁武鄉,,0,0,4,1321,6.50,吳陳惠珍,民主進步黨,2,N,
高雄縣,仁武鄉,,0,0,5,2341,11.52,鍾德珍,無,1,Y,
高雄縣,仁武鄉,,0,0,6,2145,10.56,林仙保,中國國民黨,1,Y,T
高雄縣,仁武鄉,,0,0,7,54,0.27,李天水,無,1,N,
高雄縣,仁武鄉,,0,0,8,2847,14.01,楊秋興,民主進步黨,1,N,T
高雄縣,仁武鄉,,0,0,9,1976,9.72,鍾紹和,中國國民黨,1,N,T
高雄縣,仁武鄉,,0,0,10,2648,13.03,吳陳瓊秋,中國國民黨,2,N,
高雄縣,仁武鄉,,0,0,11,1006,4.95,趙良燕,無,2,N,T
高雄縣,仁武鄉,,0,0,12,3395,16.71,余政道,民主進步黨,1,N,T
高雄縣,鳥松鄉,,0,0,1,34,0.21,黃豐生,無,1,N,
高雄縣,鳥松鄉,,0,0,2,1114,6.75,許福森,無,1,N,
高雄縣,鳥松鄉,,0,0,3,934,5.66,蕭漢俊,中國國民黨,1,N,
高雄縣,鳥松鄉,,0,0,4,1790,10.85,吳陳惠珍,民主進步黨,2,N,
高雄縣,鳥松鄉,,0,0,5,895,5.43,鍾德珍,無,1,Y,
高雄縣,鳥松鄉,,0,0,6,1578,9.57,林仙保,中國國民黨,1,Y,T
高雄縣,鳥松鄉,,0,0,7,46,0.28,李天水,無,1,N,
高雄縣,鳥松鄉,,0,0,8,2508,15.21,楊秋興,民主進步黨,1,N,T
高雄縣,鳥松鄉,,0,0,9,1772,10.74,鍾紹和,中國國民黨,1,N,T
高雄縣,鳥松鄉,,0,0,10,2940,17.83,吳陳瓊秋,中國國民黨,2,N,
高雄縣,鳥松鄉,,0,0,11,760,4.61,趙良燕,無,2,N,T
高雄縣,鳥松鄉,,0,0,12,2122,12.87,余政道,民主進步黨,1,N,T
高雄縣,岡山鎮,,0,0,1,62,0.13,黃豐生,無,1,N,
高雄縣,岡山鎮,,0,0,2,12890,27.70,許福森,無,1,N,
高雄縣,岡山鎮,,0,0,3,3160,6.79,蕭漢俊,中國國民黨,1,N,
高雄縣,岡山鎮,,0,0,4,1069,2.30,吳陳惠珍,民主進步黨,2,N,
高雄縣,岡山鎮,,0,0,5,3435,7.38,鍾德珍,無,1,Y,
高雄縣,岡山鎮,,0,0,6,2928,6.29,林仙保,中國國民黨,1,Y,T
高雄縣,岡山鎮,,0,0,7,54,0.12,李天水,無,1,N,
高雄縣,岡山鎮,,0,0,8,6349,13.64,楊秋興,民主進步黨,1,N,T
高雄縣,岡山鎮,,0,0,9,3055,6.56,鍾紹和,中國國民黨,1,N,T
高雄縣,岡山鎮,,0,0,10,2578,5.54,吳陳瓊秋,中國國民黨,2,N,
高雄縣,岡山鎮,,0,0,11,6646,14.28,趙良燕,無,2,N,T
高雄縣,岡山鎮,,0,0,12,4310,9.26,余政道,民主進步黨,1,N,T
高雄縣,橋頭鄉,,0,0,1,33,0.16,黃豐生,無,1,N,
高雄縣,橋頭鄉,,0,0,2,2749,13.29,許福森,無,1,N,
高雄縣,橋頭鄉,,0,0,3,1056,5.11,蕭漢俊,中國國民黨,1,N,
高雄縣,橋頭鄉,,0,0,4,451,2.18,吳陳惠珍,民主進步黨,2,N,
高雄縣,橋頭鄉,,0,0,5,995,4.81,鍾德珍,無,1,Y,
高雄縣,橋頭鄉,,0,0,6,2540,12.28,林仙保,中國國民黨,1,Y,T
高雄縣,橋頭鄉,,0,0,7,31,0.15,李天水,無,1,N,
高雄縣,橋頭鄉,,0,0,8,5356,25.90,楊秋興,民主進步黨,1,N,T
高雄縣,橋頭鄉,,0,0,9,1430,6.92,鍾紹和,中國國民黨,1,N,T
高雄縣,橋頭鄉,,0,0,10,1106,5.35,吳陳瓊秋,中國國民黨,2,N,
高雄縣,橋頭鄉,,0,0,11,945,4.57,趙良燕,無,2,N,T
高雄縣,橋頭鄉,,0,0,12,3985,19.27,余政道,民主進步黨,1,N,T
高雄縣,燕巢鄉,,0,0,1,27,0.15,黃豐生,無,1,N,
高雄縣,燕巢鄉,,0,0,2,1704,9.47,許福森,無,1,N,
高雄縣,燕巢鄉,,0,0,3,1387,7.70,蕭漢俊,中國國民黨,1,N,
高雄縣,燕巢鄉,,0,0,4,262,1.46,吳陳惠珍,民主進步黨,2,N,
高雄縣,燕巢鄉,,0,0,5,2519,13.99,鍾德珍,無,1,Y,
高雄縣,燕巢鄉,,0,0,6,1650,9.17,林仙保,中國國民黨,1,Y,T
高雄縣,燕巢鄉,,0,0,7,28,0.16,李天水,無,1,N,
高雄縣,燕巢鄉,,0,0,8,4544,25.24,楊秋興,民主進步黨,1,N,T
高雄縣,燕巢鄉,,0,0,9,2174,12.08,鍾紹和,中國國民黨,1,N,T
高雄縣,燕巢鄉,,0,0,10,1068,5.93,吳陳瓊秋,中國國民黨,2,N,
高雄縣,燕巢鄉,,0,0,11,831,4.62,趙良燕,無,2,N,T
高雄縣,燕巢鄉,,0,0,12,1809,10.05,余政道,民主進步黨,1,N,T
高雄縣,田寮鄉,,0,0,1,15,0.26,黃豐生,無,1,N,
高雄縣,田寮鄉,,0,0,2,596,10.16,許福森,無,1,N,
高雄縣,田寮鄉,,0,0,3,574,9.79,蕭漢俊,中國國民黨,1,N,
高雄縣,田寮鄉,,0,0,4,248,4.23,吳陳惠珍,民主進步黨,2,N,
高雄縣,田寮鄉,,0,0,5,388,6.62,鍾德珍,無,1,Y,
高雄縣,田寮鄉,,0,0,6,546,9.31,林仙保,中國國民黨,1,Y,T
高雄縣,田寮鄉,,0,0,7,11,0.19,李天水,無,1,N,
高雄縣,田寮鄉,,0,0,8,703,11.99,楊秋興,民主進步黨,1,N,T
高雄縣,田寮鄉,,0,0,9,353,6.02,鍾紹和,中國國民黨,1,N,T
高雄縣,田寮鄉,,0,0,10,593,10.11,吳陳瓊秋,中國國民黨,2,N,
高雄縣,田寮鄉,,0,0,11,75,1.28,趙良燕,無,2,N,T
高雄縣,田寮鄉,,0,0,12,1763,30.06,余政道,民主進步黨,1,N,T
高雄縣,阿蓮鄉,,0,0,1,25,0.16,黃豐生,無,1,N,
高雄縣,阿蓮鄉,,0,0,2,1397,8.98,許福森,無,1,N,
高雄縣,阿蓮鄉,,0,0,3,1178,7.57,蕭漢俊,中國國民黨,1,N,
高雄縣,阿蓮鄉,,0,0,4,877,5.63,吳陳惠珍,民主進步黨,2,N,
高雄縣,阿蓮鄉,,0,0,5,1120,7.20,鍾德珍,無,1,Y,
高雄縣,阿蓮鄉,,0,0,6,1675,10.76,林仙保,中國國民黨,1,Y,T
高雄縣,阿蓮鄉,,0,0,7,34,0.22,李天水,無,1,N,
高雄縣,阿蓮鄉,,0,0,8,2044,13.13,楊秋興,民主進步黨,1,N,T
高雄縣,阿蓮鄉,,0,0,9,1098,7.05,鍾紹和,中國國民黨,1,N,T
高雄縣,阿蓮鄉,,0,0,10,2257,14.50,吳陳瓊秋,中國國民黨,2,N,
高雄縣,阿蓮鄉,,0,0,11,413,2.65,趙良燕,無,2,N,T
高雄縣,阿蓮鄉,,0,0,12,3447,22.15,余政道,民主進步黨,1,N,T
高雄縣,路竹鄉,,0,0,1,33,0.12,黃豐生,無,1,N,
高雄縣,路竹鄉,,0,0,2,3617,13.15,許福森,無,1,N,
高雄縣,路竹鄉,,0,0,3,2848,10.35,蕭漢俊,中國國民黨,1,N,
高雄縣,路竹鄉,,0,0,4,920,3.34,吳陳惠珍,民主進步黨,2,N,
高雄縣,路竹鄉,,0,0,5,3663,13.31,鍾德珍,無,1,Y,
高雄縣,路竹鄉,,0,0,6,5213,18.95,林仙保,中國國民黨,1,Y,T
高雄縣,路竹鄉,,0,0,7,70,0.25,李天水,無,1,N,
高雄縣,路竹鄉,,0,0,8,3499,12.72,楊秋興,民主進步黨,1,N,T
高雄縣,路竹鄉,,0,0,9,1567,5.70,鍾紹和,中國國民黨,1,N,T
高雄縣,路竹鄉,,0,0,10,1643,5.97,吳陳瓊秋,中國國民黨,2,N,
高雄縣,路竹鄉,,0,0,11,494,1.80,趙良燕,無,2,N,T
高雄縣,路竹鄉,,0,0,12,3947,14.35,余政道,民主進步黨,1,N,T
高雄縣,湖內鄉,,0,0,1,24,0.17,黃豐生,無,1,N,
高雄縣,湖內鄉,,0,0,2,1790,12.74,許福森,無,1,N,
高雄縣,湖內鄉,,0,0,3,1443,10.27,蕭漢俊,中國國民黨,1,N,
高雄縣,湖內鄉,,0,0,4,1038,7.39,吳陳惠珍,民主進步黨,2,N,
高雄縣,湖內鄉,,0,0,5,385,2.74,鍾德珍,無,1,Y,
高雄縣,湖內鄉,,0,0,6,3008,21.41,林仙保,中國國民黨,1,Y,T
高雄縣,湖內鄉,,0,0,7,34,0.24,李天水,無,1,N,
高雄縣,湖內鄉,,0,0,8,1640,11.67,楊秋興,民主進步黨,1,N,T
高雄縣,湖內鄉,,0,0,9,602,4.29,鍾紹和,中國國民黨,1,N,T
高雄縣,湖內鄉,,0,0,10,1209,8.61,吳陳瓊秋,中國國民黨,2,N,
高雄縣,湖內鄉,,0,0,11,342,2.43,趙良燕,無,2,N,T
高雄縣,湖內鄉,,0,0,12,2534,18.04,余政道,民主進步黨,1,N,T
高雄縣,茄萣鄉,,0,0,1,17,0.10,黃豐生,無,1,N,
高雄縣,茄萣鄉,,0,0,2,2492,14.24,許福森,無,1,N,
高雄縣,茄萣鄉,,0,0,3,841,4.81,蕭漢俊,中國國民黨,1,N,
高雄縣,茄萣鄉,,0,0,4,934,5.34,吳陳惠珍,民主進步黨,2,N,
高雄縣,茄萣鄉,,0,0,5,901,5.15,鍾德珍,無,1,Y,
高雄縣,茄萣鄉,,0,0,6,6693,38.25,林仙保,中國國民黨,1,Y,T
高雄縣,茄萣鄉,,0,0,7,55,0.31,李天水,無,1,N,
高雄縣,茄萣鄉,,0,0,8,1466,8.38,楊秋興,民主進步黨,1,N,T
高雄縣,茄萣鄉,,0,0,9,1000,5.72,鍾紹和,中國國民黨,1,N,T
高雄縣,茄萣鄉,,0,0,10,1339,7.65,吳陳瓊秋,中國國民黨,2,N,
高雄縣,茄萣鄉,,0,0,11,237,1.35,趙良燕,無,2,N,T
高雄縣,茄萣鄉,,0,0,12,1522,8.70,余政道,民主進步黨,1,N,T
高雄縣,永安鄉,,0,0,1,11,0.16,黃豐生,無,1,N,
高雄縣,永安鄉,,0,0,2,724,10.67,許福森,無,1,N,
高雄縣,永安鄉,,0,0,3,793,11.69,蕭漢俊,中國國民黨,1,N,
高雄縣,永安鄉,,0,0,4,187,2.76,吳陳惠珍,民主進步黨,2,N,
高雄縣,永安鄉,,0,0,5,1033,15.22,鍾德珍,無,1,Y,
高雄縣,永安鄉,,0,0,6,530,7.81,林仙保,中國國民黨,1,Y,T
高雄縣,永安鄉,,0,0,7,18,0.27,李天水,無,1,N,
高雄縣,永安鄉,,0,0,8,669,9.86,楊秋興,民主進步黨,1,N,T
高雄縣,永安鄉,,0,0,9,699,10.30,鍾紹和,中國國民黨,1,N,T
高雄縣,永安鄉,,0,0,10,1014,14.94,吳陳瓊秋,中國國民黨,2,N,
高雄縣,永安鄉,,0,0,11,145,2.14,趙良燕,無,2,N,T
高雄縣,永安鄉,,0,0,12,962,14.18,余政道,民主進步黨,1,N,T
高雄縣,彌陀鄉,,0,0,1,13,0.11,黃豐生,無,1,N,
高雄縣,彌陀鄉,,0,0,2,1530,12.89,許福森,無,1,N,
高雄縣,彌陀鄉,,0,0,3,1014,8.54,蕭漢俊,中國國民黨,1,N,
高雄縣,彌陀鄉,,0,0,4,750,6.32,吳陳惠珍,民主進步黨,2,N,
高雄縣,彌陀鄉,,0,0,5,1480,12.47,鍾德珍,無,1,Y,
高雄縣,彌陀鄉,,0,0,6,2061,17.36,林仙保,中國國民黨,1,Y,T
高雄縣,彌陀鄉,,0,0,7,21,0.18,李天水,無,1,N,
高雄縣,彌陀鄉,,0,0,8,1062,8.95,楊秋興,民主進步黨,1,N,T
高雄縣,彌陀鄉,,0,0,9,1345,11.33,鍾紹和,中國國民黨,1,N,T
高雄縣,彌陀鄉,,0,0,10,749,6.31,吳陳瓊秋,中國國民黨,2,N,
高雄縣,彌陀鄉,,0,0,11,279,2.35,趙良燕,無,2,N,T
高雄縣,彌陀鄉,,0,0,12,1565,13.19,余政道,民主進步黨,1,N,T
高雄縣,梓官鄉,,0,0,1,30,0.15,黃豐生,無,1,N,
高雄縣,梓官鄉,,0,0,2,2511,12.44,許福森,無,1,N,
高雄縣,梓官鄉,,0,0,3,2897,14.36,蕭漢俊,中國國民黨,1,N,
高雄縣,梓官鄉,,0,0,4,653,3.24,吳陳惠珍,民主進步黨,2,N,
高雄縣,梓官鄉,,0,0,5,2046,10.14,鍾德珍,無,1,Y,
高雄縣,梓官鄉,,0,0,6,1461,7.24,林仙保,中國國民黨,1,Y,T
高雄縣,梓官鄉,,0,0,7,37,0.18,李天水,無,1,N,
高雄縣,梓官鄉,,0,0,8,3325,16.48,楊秋興,民主進步黨,1,N,T
高雄縣,梓官鄉,,0,0,9,1519,7.53,鍾紹和,中國國民黨,1,N,T
高雄縣,梓官鄉,,0,0,10,1342,6.65,吳陳瓊秋,中國國民黨,2,N,
高雄縣,梓官鄉,,0,0,11,846,4.19,趙良燕,無,2,N,T
高雄縣,梓官鄉,,0,0,12,3510,17.40,余政道,民主進步黨,1,N,T
高雄縣,旗山鎮,,0,0,1,34,0.13,黃豐生,無,1,N,
高雄縣,旗山鎮,,0,0,2,1356,5.30,許福森,無,1,N,
高雄縣,旗山鎮,,0,0,3,3545,13.86,蕭漢俊,中國國民黨,1,N,
高雄縣,旗山鎮,,0,0,4,1422,5.56,吳陳惠珍,民主進步黨,2,N,
高雄縣,旗山鎮,,0,0,5,2648,10.35,鍾德珍,無,1,Y,
高雄縣,旗山鎮,,0,0,6,3908,15.28,林仙保,中國國民黨,1,Y,T
高雄縣,旗山鎮,,0,0,7,30,0.12,李天水,無,1,N,
高雄縣,旗山鎮,,0,0,8,1961,7.67,楊秋興,民主進步黨,1,N,T
高雄縣,旗山鎮,,0,0,9,2867,11.21,鍾紹和,中國國民黨,1,N,T
高雄縣,旗山鎮,,0,0,10,2001,7.82,吳陳瓊秋,中國國民黨,2,N,
高雄縣,旗山鎮,,0,0,11,793,3.10,趙良燕,無,2,N,T
高雄縣,旗山鎮,,0,0,12,5015,19.61,余政道,民主進步黨,1,N,T
高雄縣,美濃鎮,,0,0,1,22,0.08,黃豐生,無,1,N,
高雄縣,美濃鎮,,0,0,2,1170,4.27,許福森,無,1,N,
高雄縣,美濃鎮,,0,0,3,270,0.99,蕭漢俊,中國國民黨,1,N,
高雄縣,美濃鎮,,0,0,4,866,3.16,吳陳惠珍,民主進步黨,2,N,
高雄縣,美濃鎮,,0,0,5,10574,38.60,鍾德珍,無,1,Y,
高雄縣,美濃鎮,,0,0,6,1338,4.88,林仙保,中國國民黨,1,Y,T
高雄縣,美濃鎮,,0,0,7,22,0.08,李天水,無,1,N,
高雄縣,美濃鎮,,0,0,8,1258,4.59,楊秋興,民主進步黨,1,N,T
高雄縣,美濃鎮,,0,0,9,6791,24.79,鍾紹和,中國國民黨,1,N,T
高雄縣,美濃鎮,,0,0,10,1137,4.15,吳陳瓊秋,中國國民黨,2,N,
高雄縣,美濃鎮,,0,0,11,286,1.04,趙良燕,無,2,N,T
高雄縣,美濃鎮,,0,0,12,3659,13.36,余政道,民主進步黨,1,N,T
高雄縣,六龜鄉,,0,0,1,18,0.20,黃豐生,無,1,N,
高雄縣,六龜鄉,,0,0,2,754,8.30,許福森,無,1,N,
高雄縣,六龜鄉,,0,0,3,1559,17.15,蕭漢俊,中國國民黨,1,N,
高雄縣,六龜鄉,,0,0,4,683,7.51,吳陳惠珍,民主進步黨,2,N,
高雄縣,六龜鄉,,0,0,5,1089,11.98,鍾德珍,無,1,Y,
高雄縣,六龜鄉,,0,0,6,1148,12.63,林仙保,中國國民黨,1,Y,T
高雄縣,六龜鄉,,0,0,7,12,0.13,李天水,無,1,N,
高雄縣,六龜鄉,,0,0,8,252,2.77,楊秋興,民主進步黨,1,N,T
高雄縣,六龜鄉,,0,0,9,1422,15.65,鍾紹和,中國國民黨,1,N,T
高雄縣,六龜鄉,,0,0,10,372,4.09,吳陳瓊秋,中國國民黨,2,N,
高雄縣,六龜鄉,,0,0,11,303,3.33,趙良燕,無,2,N,T
高雄縣,六龜鄉,,0,0,12,1477,16.25,余政道,民主進步黨,1,N,T
高雄縣,甲仙鄉,,0,0,1,4,0.08,黃豐生,無,1,N,
高雄縣,甲仙鄉,,0,0,2,145,3.05,許福森,無,1,N,
高雄縣,甲仙鄉,,0,0,3,947,19.90,蕭漢俊,中國國民黨,1,N,
高雄縣,甲仙鄉,,0,0,4,100,2.10,吳陳惠珍,民主進步黨,2,N,
高雄縣,甲仙鄉,,0,0,5,551,11.58,鍾德珍,無,1,Y,
高雄縣,甲仙鄉,,0,0,6,396,8.32,林仙保,中國國民黨,1,Y,T
高雄縣,甲仙鄉,,0,0,7,10,0.21,李天水,無,1,N,
高雄縣,甲仙鄉,,0,0,8,128,2.69,楊秋興,民主進步黨,1,N,T
高雄縣,甲仙鄉,,0,0,9,896,18.83,鍾紹和,中國國民黨,1,N,T
高雄縣,甲仙鄉,,0,0,10,225,4.73,吳陳瓊秋,中國國民黨,2,N,
高雄縣,甲仙鄉,,0,0,11,105,2.21,趙良燕,無,2,N,T
高雄縣,甲仙鄉,,0,0,12,1252,26.31,余政道,民主進步黨,1,N,T
高雄縣,杉林鄉,,0,0,1,16,0.22,黃豐生,無,1,N,
高雄縣,杉林鄉,,0,0,2,378,5.21,許福森,無,1,N,
高雄縣,杉林鄉,,0,0,3,934,12.87,蕭漢俊,中國國民黨,1,N,
高雄縣,杉林鄉,,0,0,4,354,4.88,吳陳惠珍,民主進步黨,2,N,
高雄縣,杉林鄉,,0,0,5,1183,16.29,鍾德珍,無,1,Y,
高雄縣,杉林鄉,,0,0,6,803,11.06,林仙保,中國國民黨,1,Y,T
高雄縣,杉林鄉,,0,0,7,11,0.15,李天水,無,1,N,
高雄縣,杉林鄉,,0,0,8,230,3.17,楊秋興,民主進步黨,1,N,T
高雄縣,杉林鄉,,0,0,9,939,12.93,鍾紹和,中國國民黨,1,N,T
高雄縣,杉林鄉,,0,0,10,432,5.95,吳陳瓊秋,中國國民黨,2,N,
高雄縣,杉林鄉,,0,0,11,149,2.05,趙良燕,無,2,N,T
高雄縣,杉林鄉,,0,0,12,1831,25.22,余政道,民主進步黨,1,N,T
高雄縣,內門鄉,,0,0,1,14,0.13,黃豐生,無,1,N,
高雄縣,內門鄉,,0,0,2,611,5.73,許福森,無,1,N,
高雄縣,內門鄉,,0,0,3,1768,16.58,蕭漢俊,中國國民黨,1,N,
高雄縣,內門鄉,,0,0,4,432,4.05,吳陳惠珍,民主進步黨,2,N,
高雄縣,內門鄉,,0,0,5,1605,15.05,鍾德珍,無,1,Y,
高雄縣,內門鄉,,0,0,6,2413,22.62,林仙保,中國國民黨,1,Y,T
高雄縣,內門鄉,,0,0,7,17,0.16,李天水,無,1,N,
高雄縣,內門鄉,,0,0,8,366,3.43,楊秋興,民主進步黨,1,N,T
高雄縣,內門鄉,,0,0,9,1049,9.83,鍾紹和,中國國民黨,1,N,T
高雄縣,內門鄉,,0,0,10,765,7.17,吳陳瓊秋,中國國民黨,2,N,
高雄縣,內門鄉,,0,0,11,105,0.98,趙良燕,無,2,N,T
高雄縣,內門鄉,,0,0,12,1521,14.26,余政道,民主進步黨,1,N,T
高雄縣,茂林鄉,,0,0,3,12,18.46,蕭漢俊,中國國民黨,1,N,
高雄縣,茂林鄉,,0,0,5,5,7.69,鍾德珍,無,1,Y,
高雄縣,茂林鄉,,0,0,6,6,9.23,林仙保,中國國民黨,1,Y,T
高雄縣,茂林鄉,,0,0,8,2,3.08,楊秋興,民主進步黨,1,N,T
高雄縣,茂林鄉,,0,0,9,35,53.85,鍾紹和,中國國民黨,1,N,T
高雄縣,茂林鄉,,0,0,11,3,4.62,趙良燕,無,2,N,T
高雄縣,茂林鄉,,0,0,12,2,3.08,余政道,民主進步黨,1,N,T
高雄縣,桃源鄉,,0,0,1,2,0.88,黃豐生,無,1,N,
高雄縣,桃源鄉,,0,0,2,9,3.98,許福森,無,1,N,
高雄縣,桃源鄉,,0,0,3,19,8.41,蕭漢俊,中國國民黨,1,N,
高雄縣,桃源鄉,,0,0,4,13,5.75,吳陳惠珍,民主進步黨,2,N,
高雄縣,桃源鄉,,0,0,5,34,15.04,鍾德珍,無,1,Y,
高雄縣,桃源鄉,,0,0,6,40,17.70,林仙保,中國國民黨,1,Y,T
高雄縣,桃源鄉,,0,0,8,4,1.77,楊秋興,民主進步黨,1,N,T
高雄縣,桃源鄉,,0,0,9,44,19.47,鍾紹和,中國國民黨,1,N,T
高雄縣,桃源鄉,,0,0,10,10,4.42,吳陳瓊秋,中國國民黨,2,N,
高雄縣,桃源鄉,,0,0,11,32,14.16,趙良燕,無,2,N,T
高雄縣,桃源鄉,,0,0,12,19,8.41,余政道,民主進步黨,1,N,T
高雄縣,三民鄉,,0,0,2,1,0.67,許福森,無,1,N,
高雄縣,三民鄉,,0,0,3,18,12.00,蕭漢俊,中國國民黨,1,N,
高雄縣,三民鄉,,0,0,4,23,15.33,吳陳惠珍,民主進步黨,2,N,
高雄縣,三民鄉,,0,0,5,6,4.00,鍾德珍,無,1,Y,
高雄縣,三民鄉,,0,0,6,14,9.33,林仙保,中國國民黨,1,Y,T
高雄縣,三民鄉,,0,0,7,1,0.67,李天水,無,1,N,
高雄縣,三民鄉,,0,0,8,2,1.33,楊秋興,民主進步黨,1,N,T
高雄縣,三民鄉,,0,0,9,32,21.33,鍾紹和,中國國民黨,1,N,T
高雄縣,三民鄉,,0,0,10,8,5.33,吳陳瓊秋,中國國民黨,2,N,
高雄縣,三民鄉,,0,0,11,17,11.33,趙良燕,無,2,N,T
高雄縣,三民鄉,,0,0,12,28,18.67,余政道,民主進步黨,1,N,T
屏東縣,屏東市,,0,0,1,19247,18.38,林淵熙,中國國民黨,1,N,T
屏東縣,屏東市,,0,0,2,13576,12.97,邱茂男,民主進步黨,1,N,T
屏東縣,屏東市,,0,0,3,450,0.43,林素蓮,無,2,N,
屏東縣,屏東市,,0,0,4,20416,19.50,黃昌源,中國國民黨,1,N,
屏東縣,屏東市,,0,0,5,18827,17.98,容滋浩,無,1,N,
屏東縣,屏東市,,0,0,6,4809,4.59,余慎,中國國民黨,2,N,T
屏東縣,屏東市,,0,0,7,4500,4.30,鄭錦絨,民主進步黨,1,N,
屏東縣,屏東市,,0,0,8,17655,16.86,曹啟鴻,民主進步黨,1,N,T
屏東縣,屏東市,,0,0,9,5229,4.99,李景雯,無,1,N,
屏東縣,潮州鎮,,0,0,1,4254,16.15,林淵熙,中國國民黨,1,N,T
屏東縣,潮州鎮,,0,0,2,5899,22.40,邱茂男,民主進步黨,1,N,T
屏東縣,潮州鎮,,0,0,3,202,0.77,林素蓮,無,2,N,
屏東縣,潮州鎮,,0,0,4,4423,16.80,黃昌源,中國國民黨,1,N,
屏東縣,潮州鎮,,0,0,5,895,3.40,容滋浩,無,1,N,
屏東縣,潮州鎮,,0,0,6,2966,11.26,余慎,中國國民黨,2,N,T
屏東縣,潮州鎮,,0,0,7,378,1.44,鄭錦絨,民主進步黨,1,N,
屏東縣,潮州鎮,,0,0,8,6684,25.38,曹啟鴻,民主進步黨,1,N,T
屏東縣,潮州鎮,,0,0,9,632,2.40,李景雯,無,1,N,
屏東縣,東港鎮,,0,0,1,3545,16.20,林淵熙,中國國民黨,1,N,T
屏東縣,東港鎮,,0,0,2,4177,19.08,邱茂男,民主進步黨,1,N,T
屏東縣,東港鎮,,0,0,3,194,0.89,林素蓮,無,2,N,
屏東縣,東港鎮,,0,0,4,3927,17.94,黃昌源,中國國民黨,1,N,
屏東縣,東港鎮,,0,0,5,1204,5.50,容滋浩,無,1,N,
屏東縣,東港鎮,,0,0,6,2123,9.70,余慎,中國國民黨,2,N,T
屏東縣,東港鎮,,0,0,7,324,1.48,鄭錦絨,民主進步黨,1,N,
屏東縣,東港鎮,,0,0,8,5896,26.94,曹啟鴻,民主進步黨,1,N,T
屏東縣,東港鎮,,0,0,9,498,2.28,李景雯,無,1,N,
屏東縣,恆春鎮,,0,0,1,2510,18.63,林淵熙,中國國民黨,1,N,T
屏東縣,恆春鎮,,0,0,2,3560,26.43,邱茂男,民主進步黨,1,N,T
屏東縣,恆春鎮,,0,0,3,163,1.21,林素蓮,無,2,N,
屏東縣,恆春鎮,,0,0,4,3261,24.21,黃昌源,中國國民黨,1,N,
屏東縣,恆春鎮,,0,0,5,1595,11.84,容滋浩,無,1,N,
屏東縣,恆春鎮,,0,0,6,888,6.59,余慎,中國國民黨,2,N,T
屏東縣,恆春鎮,,0,0,7,144,1.07,鄭錦絨,民主進步黨,1,N,
屏東縣,恆春鎮,,0,0,8,1195,8.87,曹啟鴻,民主進步黨,1,N,T
屏東縣,恆春鎮,,0,0,9,155,1.15,李景雯,無,1,N,
屏東縣,萬丹鄉,,0,0,1,4179,15.34,林淵熙,中國國民黨,1,N,T
屏東縣,萬丹鄉,,0,0,2,2944,10.81,邱茂男,民主進步黨,1,N,T
屏東縣,萬丹鄉,,0,0,3,658,2.42,林素蓮,無,2,N,
屏東縣,萬丹鄉,,0,0,4,8285,30.42,黃昌源,中國國民黨,1,N,
屏東縣,萬丹鄉,,0,0,5,1427,5.24,容滋浩,無,1,N,
屏東縣,萬丹鄉,,0,0,6,1327,4.87,余慎,中國國民黨,2,N,T
屏東縣,萬丹鄉,,0,0,7,1034,3.80,鄭錦絨,民主進步黨,1,N,
屏東縣,萬丹鄉,,0,0,8,6603,24.24,曹啟鴻,民主進步黨,1,N,T
屏東縣,萬丹鄉,,0,0,9,778,2.86,李景雯,無,1,N,
屏東縣,長治鄉,,0,0,1,2538,17.00,林淵熙,中國國民黨,1,N,T
屏東縣,長治鄉,,0,0,2,4392,29.41,邱茂男,民主進步黨,1,N,T
屏東縣,長治鄉,,0,0,3,101,0.68,林素蓮,無,2,N,
屏東縣,長治鄉,,0,0,4,3654,24.47,黃昌源,中國國民黨,1,N,
屏東縣,長治鄉,,0,0,5,1041,6.97,容滋浩,無,1,N,
屏東縣,長治鄉,,0,0,6,584,3.91,余慎,中國國民黨,2,N,T
屏東縣,長治鄉,,0,0,7,320,2.14,鄭錦絨,民主進步黨,1,N,
屏東縣,長治鄉,,0,0,8,1875,12.56,曹啟鴻,民主進步黨,1,N,T
屏東縣,長治鄉,,0,0,9,427,2.86,李景雯,無,1,N,
屏東縣,麟洛鄉,,0,0,1,1002,15.58,林淵熙,中國國民黨,1,N,T
屏東縣,麟洛鄉,,0,0,2,2817,43.80,邱茂男,民主進步黨,1,N,T
屏東縣,麟洛鄉,,0,0,3,28,0.44,林素蓮,無,2,N,
屏東縣,麟洛鄉,,0,0,4,863,13.42,黃昌源,中國國民黨,1,N,
屏東縣,麟洛鄉,,0,0,5,465,7.23,容滋浩,無,1,N,
屏東縣,麟洛鄉,,0,0,6,124,1.93,余慎,中國國民黨,2,N,T
屏東縣,麟洛鄉,,0,0,7,84,1.31,鄭錦絨,民主進步黨,1,N,
屏東縣,麟洛鄉,,0,0,8,863,13.42,曹啟鴻,民主進步黨,1,N,T
屏東縣,麟洛鄉,,0,0,9,186,2.89,李景雯,無,1,N,
屏東縣,九如鄉,,0,0,1,3021,26.00,林淵熙,中國國民黨,1,N,T
屏東縣,九如鄉,,0,0,2,3631,31.25,邱茂男,民主進步黨,1,N,T
屏東縣,九如鄉,,0,0,3,66,0.57,林素蓮,無,2,N,
屏東縣,九如鄉,,0,0,4,1456,12.53,黃昌源,中國國民黨,1,N,
屏東縣,九如鄉,,0,0,5,458,3.94,容滋浩,無,1,N,
屏東縣,九如鄉,,0,0,6,497,4.28,余慎,中國國民黨,2,N,T
屏東縣,九如鄉,,0,0,7,530,4.56,鄭錦絨,民主進步黨,1,N,
屏東縣,九如鄉,,0,0,8,1739,14.97,曹啟鴻,民主進步黨,1,N,T
屏東縣,九如鄉,,0,0,9,221,1.90,李景雯,無,1,N,
屏東縣,里港鄉,,0,0,1,4287,30.28,林淵熙,中國國民黨,1,N,T
屏東縣,里港鄉,,0,0,2,4246,29.99,邱茂男,民主進步黨,1,N,T
屏東縣,里港鄉,,0,0,3,108,0.76,林素蓮,無,2,N,
屏東縣,里港鄉,,0,0,4,1419,10.02,黃昌源,中國國民黨,1,N,
屏東縣,里港鄉,,0,0,5,569,4.02,容滋浩,無,1,N,
屏東縣,里港鄉,,0,0,6,499,3.52,余慎,中國國民黨,2,N,T
屏東縣,里港鄉,,0,0,7,498,3.52,鄭錦絨,民主進步黨,1,N,
屏東縣,里港鄉,,0,0,8,2195,15.50,曹啟鴻,民主進步黨,1,N,T
屏東縣,里港鄉,,0,0,9,338,2.39,李景雯,無,1,N,
屏東縣,鹽埔鄉,,0,0,1,9132,60.06,林淵熙,中國國民黨,1,N,T
屏東縣,鹽埔鄉,,0,0,2,1846,12.14,邱茂男,民主進步黨,1,N,T
屏東縣,鹽埔鄉,,0,0,3,96,0.63,林素蓮,無,2,N,
屏東縣,鹽埔鄉,,0,0,4,1665,10.95,黃昌源,中國國民黨,1,N,
屏東縣,鹽埔鄉,,0,0,5,399,2.62,容滋浩,無,1,N,
屏東縣,鹽埔鄉,,0,0,6,275,1.81,余慎,中國國民黨,2,N,T
屏東縣,鹽埔鄉,,0,0,7,254,1.67,鄭錦絨,民主進步黨,1,N,
屏東縣,鹽埔鄉,,0,0,8,1280,8.42,曹啟鴻,民主進步黨,1,N,T
屏東縣,鹽埔鄉,,0,0,9,259,1.70,李景雯,無,1,N,
屏東縣,高樹鄉,,0,0,1,4346,27.56,林淵熙,中國國民黨,1,N,T
屏東縣,高樹鄉,,0,0,2,4044,25.65,邱茂男,民主進步黨,1,N,T
屏東縣,高樹鄉,,0,0,3,178,1.13,林素蓮,無,2,N,
屏東縣,高樹鄉,,0,0,4,2041,12.94,黃昌源,中國國民黨,1,N,
屏東縣,高樹鄉,,0,0,5,825,5.23,容滋浩,無,1,N,
屏東縣,高樹鄉,,0,0,6,988,6.27,余慎,中國國民黨,2,N,T
屏東縣,高樹鄉,,0,0,7,531,3.37,鄭錦絨,民主進步黨,1,N,
屏東縣,高樹鄉,,0,0,8,2556,16.21,曹啟鴻,民主進步黨,1,N,T
屏東縣,高樹鄉,,0,0,9,260,1.65,李景雯,無,1,N,
屏東縣,萬巒鄉,,0,0,1,1413,11.15,林淵熙,中國國民黨,1,N,T
屏東縣,萬巒鄉,,0,0,2,5583,44.06,邱茂男,民主進步黨,1,N,T
屏東縣,萬巒鄉,,0,0,3,115,0.91,林素蓮,無,2,N,
屏東縣,萬巒鄉,,0,0,4,2523,19.91,黃昌源,中國國民黨,1,N,
屏東縣,萬巒鄉,,0,0,5,512,4.04,容滋浩,無,1,N,
屏東縣,萬巒鄉,,0,0,6,1062,8.38,余慎,中國國民黨,2,N,T
屏東縣,萬巒鄉,,0,0,7,178,1.40,鄭錦絨,民主進步黨,1,N,
屏東縣,萬巒鄉,,0,0,8,1083,8.55,曹啟鴻,民主進步黨,1,N,T
屏東縣,萬巒鄉,,0,0,9,201,1.59,李景雯,無,1,N,
屏東縣,內埔鄉,,0,0,1,5866,18.61,林淵熙,中國國民黨,1,N,T
屏東縣,內埔鄉,,0,0,2,10634,33.74,邱茂男,民主進步黨,1,N,T
屏東縣,內埔鄉,,0,0,3,233,0.74,林素蓮,無,2,N,
屏東縣,內埔鄉,,0,0,4,5094,16.16,黃昌源,中國國民黨,1,N,
屏東縣,內埔鄉,,0,0,5,1777,5.64,容滋浩,無,1,N,
屏東縣,內埔鄉,,0,0,6,2820,8.95,余慎,中國國民黨,2,N,T
屏東縣,內埔鄉,,0,0,7,612,1.94,鄭錦絨,民主進步黨,1,N,
屏東縣,內埔鄉,,0,0,8,3723,11.81,曹啟鴻,民主進步黨,1,N,T
屏東縣,內埔鄉,,0,0,9,761,2.41,李景雯,無,1,N,
屏東縣,竹田鄉,,0,0,1,2122,19.69,林淵熙,中國國民黨,1,N,T
屏東縣,竹田鄉,,0,0,2,3640,33.78,邱茂男,民主進步黨,1,N,T
屏東縣,竹田鄉,,0,0,3,106,0.98,林素蓮,無,2,N,
屏東縣,竹田鄉,,0,0,4,1486,13.79,黃昌源,中國國民黨,1,N,
屏東縣,竹田鄉,,0,0,5,616,5.72,容滋浩,無,1,N,
屏東縣,竹田鄉,,0,0,6,973,9.03,余慎,中國國民黨,2,N,T
屏東縣,竹田鄉,,0,0,7,164,1.52,鄭錦絨,民主進步黨,1,N,
屏東縣,竹田鄉,,0,0,8,1402,13.01,曹啟鴻,民主進步黨,1,N,T
屏東縣,竹田鄉,,0,0,9,267,2.48,李景雯,無,1,N,
屏東縣,新埤鄉,,0,0,1,1250,19.93,林淵熙,中國國民黨,1,N,T
屏東縣,新埤鄉,,0,0,2,1088,17.34,邱茂男,民主進步黨,1,N,T
屏東縣,新埤鄉,,0,0,3,62,0.99,林素蓮,無,2,N,
屏東縣,新埤鄉,,0,0,4,876,13.96,黃昌源,中國國民黨,1,N,
屏東縣,新埤鄉,,0,0,5,167,2.66,容滋浩,無,1,N,
屏東縣,新埤鄉,,0,0,6,1094,17.44,余慎,中國國民黨,2,N,T
屏東縣,新埤鄉,,0,0,7,44,0.70,鄭錦絨,民主進步黨,1,N,
屏東縣,新埤鄉,,0,0,8,1604,25.57,曹啟鴻,民主進步黨,1,N,T
屏東縣,新埤鄉,,0,0,9,88,1.40,李景雯,無,1,N,
屏東縣,枋寮鄉,,0,0,1,1946,13.07,林淵熙,中國國民黨,1,N,T
屏東縣,枋寮鄉,,0,0,2,3732,25.07,邱茂男,民主進步黨,1,N,T
屏東縣,枋寮鄉,,0,0,3,132,0.89,林素蓮,無,2,N,
屏東縣,枋寮鄉,,0,0,4,4029,27.07,黃昌源,中國國民黨,1,N,
屏東縣,枋寮鄉,,0,0,5,405,2.72,容滋浩,無,1,N,
屏東縣,枋寮鄉,,0,0,6,1517,10.19,余慎,中國國民黨,2,N,T
屏東縣,枋寮鄉,,0,0,7,158,1.06,鄭錦絨,民主進步黨,1,N,
屏東縣,枋寮鄉,,0,0,8,2763,18.56,曹啟鴻,民主進步黨,1,N,T
屏東縣,枋寮鄉,,0,0,9,203,1.36,李景雯,無,1,N,
屏東縣,新園鄉,,0,0,1,2790,13.94,林淵熙,中國國民黨,1,N,T
屏東縣,新園鄉,,0,0,2,4376,21.87,邱茂男,民主進步黨,1,N,T
屏東縣,新園鄉,,0,0,3,357,1.78,林素蓮,無,2,N,
屏東縣,新園鄉,,0,0,4,4772,23.85,黃昌源,中國國民黨,1,N,
屏東縣,新園鄉,,0,0,5,696,3.48,容滋浩,無,1,N,
屏東縣,新園鄉,,0,0,6,1440,7.20,余慎,中國國民黨,2,N,T
屏東縣,新園鄉,,0,0,7,399,1.99,鄭錦絨,民主進步黨,1,N,
屏東縣,新園鄉,,0,0,8,4808,24.03,曹啟鴻,民主進步黨,1,N,T
屏東縣,新園鄉,,0,0,9,372,1.86,李景雯,無,1,N,
屏東縣,崁頂鄉,,0,0,1,1477,20.52,林淵熙,中國國民黨,1,N,T
屏東縣,崁頂鄉,,0,0,2,1369,19.02,邱茂男,民主進步黨,1,N,T
屏東縣,崁頂鄉,,0,0,3,55,0.76,林素蓮,無,2,N,
屏東縣,崁頂鄉,,0,0,4,1328,18.45,黃昌源,中國國民黨,1,N,
屏東縣,崁頂鄉,,0,0,5,355,4.93,容滋浩,無,1,N,
屏東縣,崁頂鄉,,0,0,6,893,12.41,余慎,中國國民黨,2,N,T
屏東縣,崁頂鄉,,0,0,7,76,1.06,鄭錦絨,民主進步黨,1,N,
屏東縣,崁頂鄉,,0,0,8,1533,21.30,曹啟鴻,民主進步黨,1,N,T
屏東縣,崁頂鄉,,0,0,9,111,1.54,李景雯,無,1,N,
屏東縣,林邊鄉,,0,0,1,1321,10.94,林淵熙,中國國民黨,1,N,T
屏東縣,林邊鄉,,0,0,2,725,6.01,邱茂男,民主進步黨,1,N,T
屏東縣,林邊鄉,,0,0,3,57,0.47,林素蓮,無,2,N,
屏東縣,林邊鄉,,0,0,4,380,3.15,黃昌源,中國國民黨,1,N,
屏東縣,林邊鄉,,0,0,5,123,1.02,容滋浩,無,1,N,
屏東縣,林邊鄉,,0,0,6,3546,29.38,余慎,中國國民黨,2,N,T
屏東縣,林邊鄉,,0,0,7,102,0.85,鄭錦絨,民主進步黨,1,N,
屏東縣,林邊鄉,,0,0,8,5702,47.24,曹啟鴻,民主進步黨,1,N,T
屏東縣,林邊鄉,,0,0,9,115,0.95,李景雯,無,1,N,
屏東縣,南州鄉,,0,0,1,1532,21.72,林淵熙,中國國民黨,1,N,T
屏東縣,南州鄉,,0,0,2,936,13.27,邱茂男,民主進步黨,1,N,T
屏東縣,南州鄉,,0,0,3,45,0.64,林素蓮,無,2,N,
屏東縣,南州鄉,,0,0,4,787,11.16,黃昌源,中國國民黨,1,N,
屏東縣,南州鄉,,0,0,5,154,2.18,容滋浩,無,1,N,
屏東縣,南州鄉,,0,0,6,1069,15.15,余慎,中國國民黨,2,N,T
屏東縣,南州鄉,,0,0,7,65,0.92,鄭錦絨,民主進步黨,1,N,
屏東縣,南州鄉,,0,0,8,2373,33.64,曹啟鴻,民主進步黨,1,N,T
屏東縣,南州鄉,,0,0,9,93,1.32,李景雯,無,1,N,
屏東縣,佳冬鄉,,0,0,1,2805,21.74,林淵熙,中國國民黨,1,N,T
屏東縣,佳冬鄉,,0,0,2,1452,11.25,邱茂男,民主進步黨,1,N,T
屏東縣,佳冬鄉,,0,0,3,111,0.86,林素蓮,無,2,N,
屏東縣,佳冬鄉,,0,0,4,2828,21.92,黃昌源,中國國民黨,1,N,
屏東縣,佳冬鄉,,0,0,5,253,1.96,容滋浩,無,1,N,
屏東縣,佳冬鄉,,0,0,6,907,7.03,余慎,中國國民黨,2,N,T
屏東縣,佳冬鄉,,0,0,7,97,0.75,鄭錦絨,民主進步黨,1,N,
屏東縣,佳冬鄉,,0,0,8,4310,33.40,曹啟鴻,民主進步黨,1,N,T
屏東縣,佳冬鄉,,0,0,9,140,1.09,李景雯,無,1,N,
屏東縣,琉球鄉,,0,0,1,1647,36.19,林淵熙,中國國民黨,1,N,T
屏東縣,琉球鄉,,0,0,2,293,6.44,邱茂男,民主進步黨,1,N,T
屏東縣,琉球鄉,,0,0,3,57,1.25,林素蓮,無,2,N,
屏東縣,琉球鄉,,0,0,4,1287,28.28,黃昌源,中國國民黨,1,N,
屏東縣,琉球鄉,,0,0,5,281,6.17,容滋浩,無,1,N,
屏東縣,琉球鄉,,0,0,6,396,8.70,余慎,中國國民黨,2,N,T
屏東縣,琉球鄉,,0,0,7,21,0.46,鄭錦絨,民主進步黨,1,N,
屏東縣,琉球鄉,,0,0,8,508,11.16,曹啟鴻,民主進步黨,1,N,T
屏東縣,琉球鄉,,0,0,9,61,1.34,李景雯,無,1,N,
屏東縣,車城鄉,,0,0,1,1531,28.97,林淵熙,中國國民黨,1,N,T
屏東縣,車城鄉,,0,0,2,1347,25.49,邱茂男,民主進步黨,1,N,T
屏東縣,車城鄉,,0,0,3,67,1.27,林素蓮,無,2,N,
屏東縣,車城鄉,,0,0,4,729,13.79,黃昌源,中國國民黨,1,N,
屏東縣,車城鄉,,0,0,5,237,4.48,容滋浩,無,1,N,
屏東縣,車城鄉,,0,0,6,269,5.09,余慎,中國國民黨,2,N,T
屏東縣,車城鄉,,0,0,7,47,0.89,鄭錦絨,民主進步黨,1,N,
屏東縣,車城鄉,,0,0,8,1007,19.05,曹啟鴻,民主進步黨,1,N,T
屏東縣,車城鄉,,0,0,9,51,0.96,李景雯,無,1,N,
屏東縣,滿州鄉,,0,0,1,787,24.59,林淵熙,中國國民黨,1,N,T
屏東縣,滿州鄉,,0,0,2,927,28.97,邱茂男,民主進步黨,1,N,T
屏東縣,滿州鄉,,0,0,3,41,1.28,林素蓮,無,2,N,
屏東縣,滿州鄉,,0,0,4,685,21.41,黃昌源,中國國民黨,1,N,
屏東縣,滿州鄉,,0,0,5,139,4.34,容滋浩,無,1,N,
屏東縣,滿州鄉,,0,0,6,213,6.66,余慎,中國國民黨,2,N,T
屏東縣,滿州鄉,,0,0,7,21,0.66,鄭錦絨,民主進步黨,1,N,
屏東縣,滿州鄉,,0,0,8,363,11.34,曹啟鴻,民主進步黨,1,N,T
屏東縣,滿州鄉,,0,0,9,24,0.75,李景雯,無,1,N,
屏東縣,枋山鄉,,0,0,1,904,28.16,林淵熙,中國國民黨,1,N,T
屏東縣,枋山鄉,,0,0,2,606,18.88,邱茂男,民主進步黨,1,N,T
屏東縣,枋山鄉,,0,0,3,26,0.81,林素蓮,無,2,N,
屏東縣,枋山鄉,,0,0,4,360,11.21,黃昌源,中國國民黨,1,N,
屏東縣,枋山鄉,,0,0,5,58,1.81,容滋浩,無,1,N,
屏東縣,枋山鄉,,0,0,6,561,17.48,余慎,中國國民黨,2,N,T
屏東縣,枋山鄉,,0,0,7,11,0.34,鄭錦絨,民主進步黨,1,N,
屏東縣,枋山鄉,,0,0,8,658,20.50,曹啟鴻,民主進步黨,1,N,T
屏東縣,枋山鄉,,0,0,9,26,0.81,李景雯,無,1,N,
屏東縣,三地門鄉,,0,0,1,19,8.33,林淵熙,中國國民黨,1,N,T
屏東縣,三地門鄉,,0,0,2,10,4.39,邱茂男,民主進步黨,1,N,T
屏東縣,三地門鄉,,0,0,3,2,0.88,林素蓮,無,2,N,
屏東縣,三地門鄉,,0,0,4,160,70.18,黃昌源,中國國民黨,1,N,
屏東縣,三地門鄉,,0,0,5,17,7.46,容滋浩,無,1,N,
屏東縣,三地門鄉,,0,0,6,9,3.95,余慎,中國國民黨,2,N,T
屏東縣,三地門鄉,,0,0,7,1,0.44,鄭錦絨,民主進步黨,1,N,
屏東縣,三地門鄉,,0,0,8,6,2.63,曹啟鴻,民主進步黨,1,N,T
屏東縣,三地門鄉,,0,0,9,4,1.75,李景雯,無,1,N,
屏東縣,霧臺鄉,,0,0,1,9,32.14,林淵熙,中國國民黨,1,N,T
屏東縣,霧臺鄉,,0,0,2,4,14.29,邱茂男,民主進步黨,1,N,T
屏東縣,霧臺鄉,,0,0,4,10,35.71,黃昌源,中國國民黨,1,N,
屏東縣,霧臺鄉,,0,0,5,1,3.57,容滋浩,無,1,N,
屏東縣,霧臺鄉,,0,0,6,1,3.57,余慎,中國國民黨,2,N,T
屏東縣,霧臺鄉,,0,0,7,1,3.57,鄭錦絨,民主進步黨,1,N,
屏東縣,霧臺鄉,,0,0,8,2,7.14,曹啟鴻,民主進步黨,1,N,T
屏東縣,瑪家鄉,,0,0,1,119,52.65,林淵熙,中國國民黨,1,N,T
屏東縣,瑪家鄉,,0,0,2,4,1.77,邱茂男,民主進步黨,1,N,T
屏東縣,瑪家鄉,,0,0,3,4,1.77,林素蓮,無,2,N,
屏東縣,瑪家鄉,,0,0,4,39,17.26,黃昌源,中國國民黨,1,N,
屏東縣,瑪家鄉,,0,0,5,22,9.73,容滋浩,無,1,N,
屏東縣,瑪家鄉,,0,0,6,20,8.85,余慎,中國國民黨,2,N,T
屏東縣,瑪家鄉,,0,0,7,5,2.21,鄭錦絨,民主進步黨,1,N,
屏東縣,瑪家鄉,,0,0,8,7,3.10,曹啟鴻,民主進步黨,1,N,T
屏東縣,瑪家鄉,,0,0,9,6,2.65,李景雯,無,1,N,
屏東縣,泰武鄉,,0,0,1,44,40.37,林淵熙,中國國民黨,1,N,T
屏東縣,泰武鄉,,0,0,2,7,6.42,邱茂男,民主進步黨,1,N,T
屏東縣,泰武鄉,,0,0,3,1,0.92,林素蓮,無,2,N,
屏東縣,泰武鄉,,0,0,4,17,15.60,黃昌源,中國國民黨,1,N,
屏東縣,泰武鄉,,0,0,5,8,7.34,容滋浩,無,1,N,
屏東縣,泰武鄉,,0,0,6,22,20.18,余慎,中國國民黨,2,N,T
屏東縣,泰武鄉,,0,0,7,2,1.83,鄭錦絨,民主進步黨,1,N,
屏東縣,泰武鄉,,0,0,8,3,2.75,曹啟鴻,民主進步黨,1,N,T
屏東縣,泰武鄉,,0,0,9,5,4.59,李景雯,無,1,N,
屏東縣,來義鄉,,0,0,1,37,13.75,林淵熙,中國國民黨,1,N,T
屏東縣,來義鄉,,0,0,2,19,7.06,邱茂男,民主進步黨,1,N,T
屏東縣,來義鄉,,0,0,3,9,3.35,林素蓮,無,2,N,
屏東縣,來義鄉,,0,0,4,135,50.19,黃昌源,中國國民黨,1,N,
屏東縣,來義鄉,,0,0,5,16,5.95,容滋浩,無,1,N,
屏東縣,來義鄉,,0,0,6,36,13.38,余慎,中國國民黨,2,N,T
屏東縣,來義鄉,,0,0,8,15,5.58,曹啟鴻,民主進步黨,1,N,T
屏東縣,來義鄉,,0,0,9,2,0.74,李景雯,無,1,N,
屏東縣,春日鄉,,0,0,1,56,20.97,林淵熙,中國國民黨,1,N,T
屏東縣,春日鄉,,0,0,2,12,4.49,邱茂男,民主進步黨,1,N,T
屏東縣,春日鄉,,0,0,3,2,0.75,林素蓮,無,2,N,
屏東縣,春日鄉,,0,0,4,110,41.20,黃昌源,中國國民黨,1,N,
屏東縣,春日鄉,,0,0,5,15,5.62,容滋浩,無,1,N,
屏東縣,春日鄉,,0,0,6,49,18.35,余慎,中國國民黨,2,N,T
屏東縣,春日鄉,,0,0,7,5,1.87,鄭錦絨,民主進步黨,1,N,
屏東縣,春日鄉,,0,0,8,14,5.24,曹啟鴻,民主進步黨,1,N,T
屏東縣,春日鄉,,0,0,9,4,1.50,李景雯,無,1,N,
屏東縣,獅子鄉,,0,0,1,15,9.09,林淵熙,中國國民黨,1,N,T
屏東縣,獅子鄉,,0,0,2,2,1.21,邱茂男,民主進步黨,1,N,T
屏東縣,獅子鄉,,0,0,3,4,2.42,林素蓮,無,2,N,
屏東縣,獅子鄉,,0,0,4,87,52.73,黃昌源,中國國民黨,1,N,
屏東縣,獅子鄉,,0,0,5,15,9.09,容滋浩,無,1,N,
屏東縣,獅子鄉,,0,0,6,32,19.39,余慎,中國國民黨,2,N,T
屏東縣,獅子鄉,,0,0,8,5,3.03,曹啟鴻,民主進步黨,1,N,T
屏東縣,獅子鄉,,0,0,9,5,3.03,李景雯,無,1,N,
屏東縣,牡丹鄉,,0,0,1,90,35.43,林淵熙,中國國民黨,1,N,T
屏東縣,牡丹鄉,,0,0,2,30,11.81,邱茂男,民主進步黨,1,N,T
屏東縣,牡丹鄉,,0,0,3,2,0.79,林素蓮,無,2,N,
屏東縣,牡丹鄉,,0,0,4,88,34.65,黃昌源,中國國民黨,1,N,
屏東縣,牡丹鄉,,0,0,5,13,5.12,容滋浩,無,1,N,
屏東縣,牡丹鄉,,0,0,6,12,4.72,余慎,中國國民黨,2,N,T
屏東縣,牡丹鄉,,0,0,8,15,5.91,曹啟鴻,民主進步黨,1,N,T
屏東縣,牡丹鄉,,0,0,9,4,1.57,李景雯,無,1,N,
臺東縣,臺東市,,0,0,1,20310,48.23,徐慶元,中國國民黨,1,N,T
臺東縣,臺東市,,0,0,2,7522,17.86,陳清泉,民主進步黨,1,N,
臺東縣,臺東市,,0,0,3,948,2.25,張義雄,無,1,N,
臺東縣,臺東市,,0,0,4,13334,31.66,劉櫂漳,中國國民黨,1,N,
臺東縣,成功鎮,,0,0,1,1672,41.50,徐慶元,中國國民黨,1,N,T
臺東縣,成功鎮,,0,0,2,455,11.29,陳清泉,民主進步黨,1,N,
臺東縣,成功鎮,,0,0,3,88,2.18,張義雄,無,1,N,
臺東縣,成功鎮,,0,0,4,1814,45.02,劉櫂漳,中國國民黨,1,N,
臺東縣,關山鎮,,0,0,1,1736,44.56,徐慶元,中國國民黨,1,N,T
臺東縣,關山鎮,,0,0,2,772,19.82,陳清泉,民主進步黨,1,N,
臺東縣,關山鎮,,0,0,3,84,2.16,張義雄,無,1,N,
臺東縣,關山鎮,,0,0,4,1304,33.47,劉櫂漳,中國國民黨,1,N,
臺東縣,卑南鄉,,0,0,1,3584,47.18,徐慶元,中國國民黨,1,N,T
臺東縣,卑南鄉,,0,0,2,1469,19.34,陳清泉,民主進步黨,1,N,
臺東縣,卑南鄉,,0,0,3,239,3.15,張義雄,無,1,N,
臺東縣,卑南鄉,,0,0,4,2305,30.34,劉櫂漳,中國國民黨,1,N,
臺東縣,鹿野鄉,,0,0,1,1321,38.38,徐慶元,中國國民黨,1,N,T
臺東縣,鹿野鄉,,0,0,2,1148,33.35,陳清泉,民主進步黨,1,N,
臺東縣,鹿野鄉,,0,0,3,98,2.85,張義雄,無,1,N,
臺東縣,鹿野鄉,,0,0,4,875,25.42,劉櫂漳,中國國民黨,1,N,
臺東縣,池上鄉,,0,0,1,1818,44.42,徐慶元,中國國民黨,1,N,T
臺東縣,池上鄉,,0,0,2,819,20.01,陳清泉,民主進步黨,1,N,
臺東縣,池上鄉,,0,0,3,163,3.98,張義雄,無,1,N,
臺東縣,池上鄉,,0,0,4,1293,31.59,劉櫂漳,中國國民黨,1,N,
臺東縣,東河鄉,,0,0,1,1192,47.13,徐慶元,中國國民黨,1,N,T
臺東縣,東河鄉,,0,0,2,443,17.52,陳清泉,民主進步黨,1,N,
臺東縣,東河鄉,,0,0,3,65,2.57,張義雄,無,1,N,
臺東縣,東河鄉,,0,0,4,829,32.78,劉櫂漳,中國國民黨,1,N,
臺東縣,長濱鄉,,0,0,1,957,49.41,徐慶元,中國國民黨,1,N,T
臺東縣,長濱鄉,,0,0,2,335,17.29,陳清泉,民主進步黨,1,N,
臺東縣,長濱鄉,,0,0,3,56,2.89,張義雄,無,1,N,
臺東縣,長濱鄉,,0,0,4,589,30.41,劉櫂漳,中國國民黨,1,N,
臺東縣,太麻里鄉,,0,0,1,1824,45.89,徐慶元,中國國民黨,1,N,T
臺東縣,太麻里鄉,,0,0,2,841,21.16,陳清泉,民主進步黨,1,N,
臺東縣,太麻里鄉,,0,0,3,88,2.21,張義雄,無,1,N,
臺東縣,太麻里鄉,,0,0,4,1222,30.74,劉櫂漳,中國國民黨,1,N,
臺東縣,大武鄉,,0,0,1,900,60.00,徐慶元,中國國民黨,1,N,T
臺東縣,大武鄉,,0,0,2,161,10.73,陳清泉,民主進步黨,1,N,
臺東縣,大武鄉,,0,0,3,28,1.87,張義雄,無,1,N,
臺東縣,大武鄉,,0,0,4,411,27.40,劉櫂漳,中國國民黨,1,N,
臺東縣,綠島鄉,,0,0,1,323,30.30,徐慶元,中國國民黨,1,N,T
臺東縣,綠島鄉,,0,0,2,10,0.94,陳清泉,民主進步黨,1,N,
臺東縣,綠島鄉,,0,0,3,35,3.28,張義雄,無,1,N,
臺東縣,綠島鄉,,0,0,4,698,65.48,劉櫂漳,中國國民黨,1,N,
臺東縣,海端鄉,,0,0,1,108,53.73,徐慶元,中國國民黨,1,N,T
臺東縣,海端鄉,,0,0,2,34,16.92,陳清泉,民主進步黨,1,N,
臺東縣,海端鄉,,0,0,3,11,5.47,張義雄,無,1,N,
臺東縣,海端鄉,,0,0,4,48,23.88,劉櫂漳,中國國民黨,1,N,
臺東縣,延平鄉,,0,0,1,67,37.85,徐慶元,中國國民黨,1,N,T
臺東縣,延平鄉,,0,0,2,32,18.08,陳清泉,民主進步黨,1,N,
臺東縣,延平鄉,,0,0,3,4,2.26,張義雄,無,1,N,
臺東縣,延平鄉,,0,0,4,74,41.81,劉櫂漳,中國國民黨,1,N,
臺東縣,金峰鄉,,0,0,1,85,63.91,徐慶元,中國國民黨,1,N,T
臺東縣,金峰鄉,,0,0,2,7,5.26,陳清泉,民主進步黨,1,N,
臺東縣,金峰鄉,,0,0,3,5,3.76,張義雄,無,1,N,
臺東縣,金峰鄉,,0,0,4,36,27.07,劉櫂漳,中國國民黨,1,N,
臺東縣,達仁鄉,,0,0,1,147,74.62,徐慶元,中國國民黨,1,N,T
臺東縣,達仁鄉,,0,0,2,18,9.14,陳清泉,民主進步黨,1,N,
臺東縣,達仁鄉,,0,0,3,6,3.05,張義雄,無,1,N,
臺東縣,達仁鄉,,0,0,4,26,13.20,劉櫂漳,中國國民黨,1,N,
臺東縣,蘭嶼鄉,,0,0,1,34,50.00,徐慶元,中國國民黨,1,N,T
臺東縣,蘭嶼鄉,,0,0,2,3,4.41,陳清泉,民主進步黨,1,N,
臺東縣,蘭嶼鄉,,0,0,3,2,2.94,張義雄,無,1,N,
臺東縣,蘭嶼鄉,,0,0,4,29,42.65,劉櫂漳,中國國民黨,1,N,
花蓮縣,花蓮市,,0,0,1,24920,57.34,張福興,中國國民黨,1,N,T
花蓮縣,花蓮市,,0,0,2,18540,42.66,陳瑞麟,民主進步黨,1,N,
花蓮縣,鳳林鎮,,0,0,1,4266,66.45,張福興,中國國民黨,1,N,T
花蓮縣,鳳林鎮,,0,0,2,2154,33.55,陳瑞麟,民主進步黨,1,N,
花蓮縣,玉里鎮,,0,0,1,6951,67.18,張福興,中國國民黨,1,N,T
花蓮縣,玉里鎮,,0,0,2,3396,32.82,陳瑞麟,民主進步黨,1,N,
花蓮縣,新城鄉,,0,0,1,4999,66.19,張福興,中國國民黨,1,N,T
花蓮縣,新城鄉,,0,0,2,2553,33.81,陳瑞麟,民主進步黨,1,N,
花蓮縣,吉安鄉,,0,0,1,14394,57.86,張福興,中國國民黨,1,N,T
花蓮縣,吉安鄉,,0,0,2,10482,42.14,陳瑞麟,民主進步黨,1,N,
花蓮縣,壽豐鄉,,0,0,1,4375,62.46,張福興,中國國民黨,1,N,T
花蓮縣,壽豐鄉,,0,0,2,2629,37.54,陳瑞麟,民主進步黨,1,N,
花蓮縣,光復鄉,,0,0,1,2746,65.79,張福興,中國國民黨,1,N,T
花蓮縣,光復鄉,,0,0,2,1428,34.21,陳瑞麟,民主進步黨,1,N,
花蓮縣,豐濱鄉,,0,0,1,587,76.63,張福興,中國國民黨,1,N,T
花蓮縣,豐濱鄉,,0,0,2,179,23.37,陳瑞麟,民主進步黨,1,N,
花蓮縣,瑞穗鄉,,0,0,1,2805,62.58,張福興,中國國民黨,1,N,T
花蓮縣,瑞穗鄉,,0,0,2,1677,37.42,陳瑞麟,民主進步黨,1,N,
花蓮縣,富里鄉,,0,0,1,4090,74.24,張福興,中國國民黨,1,N,T
花蓮縣,富里鄉,,0,0,2,1419,25.76,陳瑞麟,民主進步黨,1,N,
花蓮縣,秀林鄉,,0,0,1,940,77.43,張福興,中國國民黨,1,N,T
花蓮縣,秀林鄉,,0,0,2,274,22.57,陳瑞麟,民主進步黨,1,N,
花蓮縣,萬榮鄉,,0,0,1,157,85.33,張福興,中國國民黨,1,N,T
花蓮縣,萬榮鄉,,0,0,2,27,14.67,陳瑞麟,民主進步黨,1,N,
花蓮縣,卓溪鄉,,0,0,1,174,81.31,張福興,中國國民黨,1,N,T
花蓮縣,卓溪鄉,,0,0,2,40,18.69,陳瑞麟,民主進步黨,1,N,
澎湖縣,馬公市,,0,0,1,10525,46.20,許麗音,民主進步黨,2,N,
澎湖縣,馬公市,,0,0,2,12256,53.80,許素葉,中國國民黨,2,Y,T
澎湖縣,湖西鄉,,0,0,1,2509,40.61,許麗音,民主進步黨,2,N,
澎湖縣,湖西鄉,,0,0,2,3669,59.39,許素葉,中國國民黨,2,Y,T
澎湖縣,白沙鄉,,0,0,1,1537,39.08,許麗音,民主進步黨,2,N,
澎湖縣,白沙鄉,,0,0,2,2396,60.92,許素葉,中國國民黨,2,Y,T
澎湖縣,西嶼鄉,,0,0,1,1606,44.33,許麗音,民主進步黨,2,N,
澎湖縣,西嶼鄉,,0,0,2,2017,55.67,許素葉,中國國民黨,2,Y,T
澎湖縣,望安鄉,,0,0,1,504,43.49,許麗音,民主進步黨,2,N,
澎湖縣,望安鄉,,0,0,2,655,56.51,許素葉,中國國民黨,2,Y,T
澎湖縣,七美鄉,,0,0,1,215,19.80,許麗音,民主進步黨,2,N,
澎湖縣,七美鄉,,0,0,2,871,80.20,許素葉,中國國民黨,2,Y,T
基隆市,中正區,,0,0,1,5676,20.01,程惠卿,民主進步黨,2,N,T
基隆市,中正區,,0,0,2,2450,8.64,李信志,民主進步黨,1,N,
基隆市,中正區,,0,0,3,399,1.41,何忠輝,無,1,N,
基隆市,中正區,,0,0,4,1092,3.85,李堃南,無,1,N,
基隆市,中正區,,0,0,5,4556,16.06,王翔鐘,中國國民黨,1,N,
基隆市,中正區,,0,0,6,3043,10.73,黃禮恭,新黨,1,N,
基隆市,中正區,,0,0,7,7372,25.99,劉文雄,中國國民黨,1,N,T
基隆市,中正區,,0,0,8,104,0.37,吳寬曉,無,1,N,
基隆市,中正區,,0,0,9,3370,11.88,杜却,中國國民黨,1,N,
基隆市,中正區,,0,0,10,306,1.08,楊超敏,無,1,N,
基隆市,七堵區,,0,0,1,4350,16.67,程惠卿,民主進步黨,2,N,T
基隆市,七堵區,,0,0,2,2136,8.19,李信志,民主進步黨,1,N,
基隆市,七堵區,,0,0,3,197,0.75,何忠輝,無,1,N,
基隆市,七堵區,,0,0,4,575,2.20,李堃南,無,1,N,
基隆市,七堵區,,0,0,5,10473,40.13,王翔鐘,中國國民黨,1,N,
基隆市,七堵區,,0,0,6,2212,8.48,黃禮恭,新黨,1,N,
基隆市,七堵區,,0,0,7,2914,11.17,劉文雄,中國國民黨,1,N,T
基隆市,七堵區,,0,0,8,393,1.51,吳寬曉,無,1,N,
基隆市,七堵區,,0,0,9,2739,10.50,杜却,中國國民黨,1,N,
基隆市,七堵區,,0,0,10,106,0.41,楊超敏,無,1,N,
基隆市,暖暖區,,0,0,1,2040,14.29,程惠卿,民主進步黨,2,N,T
基隆市,暖暖區,,0,0,2,1471,10.30,李信志,民主進步黨,1,N,
基隆市,暖暖區,,0,0,3,137,0.96,何忠輝,無,1,N,
基隆市,暖暖區,,0,0,4,653,4.57,李堃南,無,1,N,
基隆市,暖暖區,,0,0,5,3309,23.17,王翔鐘,中國國民黨,1,N,
基隆市,暖暖區,,0,0,6,1796,12.58,黃禮恭,新黨,1,N,
基隆市,暖暖區,,0,0,7,3224,22.58,劉文雄,中國國民黨,1,N,T
基隆市,暖暖區,,0,0,8,72,0.50,吳寬曉,無,1,N,
基隆市,暖暖區,,0,0,9,1494,10.46,杜却,中國國民黨,1,N,
基隆市,暖暖區,,0,0,10,83,0.58,楊超敏,無,1,N,
基隆市,仁愛區,,0,0,1,7151,23.90,程惠卿,民主進步黨,2,N,T
基隆市,仁愛區,,0,0,2,4271,14.28,李信志,民主進步黨,1,N,
基隆市,仁愛區,,0,0,3,337,1.13,何忠輝,無,1,N,
基隆市,仁愛區,,0,0,4,1538,5.14,李堃南,無,1,N,
基隆市,仁愛區,,0,0,5,4139,13.83,王翔鐘,中國國民黨,1,N,
基隆市,仁愛區,,0,0,6,2652,8.86,黃禮恭,新黨,1,N,
基隆市,仁愛區,,0,0,7,5587,18.67,劉文雄,中國國民黨,1,N,T
基隆市,仁愛區,,0,0,8,139,0.46,吳寬曉,無,1,N,
基隆市,仁愛區,,0,0,9,3827,12.79,杜却,中國國民黨,1,N,
基隆市,仁愛區,,0,0,10,277,0.93,楊超敏,無,1,N,
基隆市,中山區,,0,0,1,7645,30.20,程惠卿,民主進步黨,2,N,T
基隆市,中山區,,0,0,2,1458,5.76,李信志,民主進步黨,1,N,
基隆市,中山區,,0,0,3,231,0.91,何忠輝,無,1,N,
基隆市,中山區,,0,0,4,1583,6.25,李堃南,無,1,N,
基隆市,中山區,,0,0,5,3465,13.69,王翔鐘,中國國民黨,1,N,
基隆市,中山區,,0,0,6,2074,8.19,黃禮恭,新黨,1,N,
基隆市,中山區,,0,0,7,5312,20.98,劉文雄,中國國民黨,1,N,T
基隆市,中山區,,0,0,8,81,0.32,吳寬曉,無,1,N,
基隆市,中山區,,0,0,9,3353,13.24,杜却,中國國民黨,1,N,
基隆市,中山區,,0,0,10,116,0.46,楊超敏,無,1,N,
基隆市,安樂區,,0,0,1,6474,20.73,程惠卿,民主進步黨,2,N,T
基隆市,安樂區,,0,0,2,2761,8.84,李信志,民主進步黨,1,N,
基隆市,安樂區,,0,0,3,283,0.91,何忠輝,無,1,N,
基隆市,安樂區,,0,0,4,4519,14.47,李堃南,無,1,N,
基隆市,安樂區,,0,0,5,4362,13.97,王翔鐘,中國國民黨,1,N,
基隆市,安樂區,,0,0,6,3058,9.79,黃禮恭,新黨,1,N,
基隆市,安樂區,,0,0,7,5130,16.42,劉文雄,中國國民黨,1,N,T
基隆市,安樂區,,0,0,8,99,0.32,吳寬曉,無,1,N,
基隆市,安樂區,,0,0,9,4391,14.06,杜却,中國國民黨,1,N,
基隆市,安樂區,,0,0,10,157,0.50,楊超敏,無,1,N,
基隆市,信義區,,0,0,1,3421,15.24,程惠卿,民主進步黨,2,N,T
基隆市,信義區,,0,0,2,2020,9.00,李信志,民主進步黨,1,N,
基隆市,信義區,,0,0,3,711,3.17,何忠輝,無,1,N,
基隆市,信義區,,0,0,4,936,4.17,李堃南,無,1,N,
基隆市,信義區,,0,0,5,2881,12.83,王翔鐘,中國國民黨,1,N,
基隆市,信義區,,0,0,6,3670,16.35,黃禮恭,新黨,1,N,
基隆市,信義區,,0,0,7,6364,28.35,劉文雄,中國國民黨,1,N,T
基隆市,信義區,,0,0,8,77,0.34,吳寬曉,無,1,N,
基隆市,信義區,,0,0,9,2197,9.79,杜却,中國國民黨,1,N,
基隆市,信義區,,0,0,10,170,0.76,楊超敏,無,1,N,
新竹市,東區,,0,0,1,44531,60.83,張蔡美,中國國民黨,2,Y,T
新竹市,東區,,0,0,2,28673,39.17,黃清霖,民主進步黨,1,N,
新竹市,北區,,0,0,1,32906,58.19,張蔡美,中國國民黨,2,Y,T
新竹市,北區,,0,0,2,23643,41.81,黃清霖,民主進步黨,1,N,
新竹市,香山區,,0,0,1,13839,58.51,張蔡美,中國國民黨,2,Y,T
新竹市,香山區,,0,0,2,9815,41.49,黃清霖,民主進步黨,1,N,
臺中市,中區,,0,0,1,272,2.10,曾坤炳,民主進步黨,1,N,
臺中市,中區,,0,0,2,629,4.86,藍素鈴,新黨,2,N,
臺中市,中區,,0,0,3,2048,15.82,盧秀燕,中國國民黨,2,N,T
臺中市,中區,,0,0,4,1383,10.68,賴誠吉,中國國民黨,1,N,T
臺中市,中區,,0,0,5,1734,13.39,王世勛,民主進步黨,1,N,T
臺中市,中區,,0,0,6,682,5.27,張國輝,中國國民黨,1,N,
臺中市,中區,,0,0,7,3906,30.17,張溫鷹,民主進步黨,2,N,T
臺中市,中區,,0,0,8,1131,8.73,陳武雄,無,1,N,
臺中市,中區,,0,0,9,20,0.15,洪獻卿,無,1,N,
臺中市,中區,,0,0,10,1143,8.83,陳淑方,中國國民黨,2,N,
臺中市,東區,,0,0,1,1042,2.98,曾坤炳,民主進步黨,1,N,
臺中市,東區,,0,0,2,1964,5.62,藍素鈴,新黨,2,N,
臺中市,東區,,0,0,3,7076,20.26,盧秀燕,中國國民黨,2,N,T
臺中市,東區,,0,0,4,3545,10.15,賴誠吉,中國國民黨,1,N,T
臺中市,東區,,0,0,5,7539,21.58,王世勛,民主進步黨,1,N,T
臺中市,東區,,0,0,6,2001,5.73,張國輝,中國國民黨,1,N,
臺中市,東區,,0,0,7,6032,17.27,張溫鷹,民主進步黨,2,N,T
臺中市,東區,,0,0,8,3096,8.86,陳武雄,無,1,N,
臺中市,東區,,0,0,9,69,0.20,洪獻卿,無,1,N,
臺中市,東區,,0,0,10,2564,7.34,陳淑方,中國國民黨,2,N,
臺中市,南區,,0,0,1,1035,2.90,曾坤炳,民主進步黨,1,N,
臺中市,南區,,0,0,2,2019,5.66,藍素鈴,新黨,2,N,
臺中市,南區,,0,0,3,6315,17.71,盧秀燕,中國國民黨,2,N,T
臺中市,南區,,0,0,4,3479,9.76,賴誠吉,中國國民黨,1,N,T
臺中市,南區,,0,0,5,8072,22.64,王世勛,民主進步黨,1,N,T
臺中市,南區,,0,0,6,2513,7.05,張國輝,中國國民黨,1,N,
臺中市,南區,,0,0,7,6427,18.03,張溫鷹,民主進步黨,2,N,T
臺中市,南區,,0,0,8,2333,6.54,陳武雄,無,1,N,
臺中市,南區,,0,0,9,60,0.17,洪獻卿,無,1,N,
臺中市,南區,,0,0,10,3395,9.52,陳淑方,中國國民黨,2,N,
臺中市,西區,,0,0,1,1279,2.48,曾坤炳,民主進步黨,1,N,
臺中市,西區,,0,0,2,3607,7.00,藍素鈴,新黨,2,N,
臺中市,西區,,0,0,3,9072,17.59,盧秀燕,中國國民黨,2,N,T
臺中市,西區,,0,0,4,5431,10.53,賴誠吉,中國國民黨,1,N,T
臺中市,西區,,0,0,5,7590,14.72,王世勛,民主進步黨,1,N,T
臺中市,西區,,0,0,6,3940,7.64,張國輝,中國國民黨,1,N,
臺中市,西區,,0,0,7,12236,23.73,張溫鷹,民主進步黨,2,N,T
臺中市,西區,,0,0,8,3700,7.18,陳武雄,無,1,N,
臺中市,西區,,0,0,9,149,0.29,洪獻卿,無,1,N,
臺中市,西區,,0,0,10,4557,8.84,陳淑方,中國國民黨,2,N,
臺中市,北區,,0,0,1,1513,2.23,曾坤炳,民主進步黨,1,N,
臺中市,北區,,0,0,2,6158,9.07,藍素鈴,新黨,2,N,
臺中市,北區,,0,0,3,15720,23.15,盧秀燕,中國國民黨,2,N,T
臺中市,北區,,0,0,4,7879,11.60,賴誠吉,中國國民黨,1,N,T
臺中市,北區,,0,0,5,7752,11.41,王世勛,民主進步黨,1,N,T
臺中市,北區,,0,0,6,4534,6.68,張國輝,中國國民黨,1,N,
臺中市,北區,,0,0,7,13892,20.45,張溫鷹,民主進步黨,2,N,T
臺中市,北區,,0,0,8,5031,7.41,陳武雄,無,1,N,
臺中市,北區,,0,0,9,114,0.17,洪獻卿,無,1,N,
臺中市,北區,,0,0,10,5324,7.84,陳淑方,中國國民黨,2,N,
臺中市,西屯區,,0,0,1,1505,2.45,曾坤炳,民主進步黨,1,N,
臺中市,西屯區,,0,0,2,5014,8.17,藍素鈴,新黨,2,N,
臺中市,西屯區,,0,0,3,11960,19.48,盧秀燕,中國國民黨,2,N,T
臺中市,西屯區,,0,0,4,5648,9.20,賴誠吉,中國國民黨,1,N,T
臺中市,西屯區,,0,0,5,5866,9.56,王世勛,民主進步黨,1,N,T
臺中市,西屯區,,0,0,6,14161,23.07,張國輝,中國國民黨,1,N,
臺中市,西屯區,,0,0,7,9537,15.53,張溫鷹,民主進步黨,2,N,T
臺中市,西屯區,,0,0,8,3233,5.27,陳武雄,無,1,N,
臺中市,西屯區,,0,0,9,78,0.13,洪獻卿,無,1,N,
臺中市,西屯區,,0,0,10,4389,7.15,陳淑方,中國國民黨,2,N,
臺中市,南屯區,,0,0,1,1899,5.09,曾坤炳,民主進步黨,1,N,
臺中市,南屯區,,0,0,2,2297,6.16,藍素鈴,新黨,2,N,
臺中市,南屯區,,0,0,3,6288,16.86,盧秀燕,中國國民黨,2,N,T
臺中市,南屯區,,0,0,4,4233,11.35,賴誠吉,中國國民黨,1,N,T
臺中市,南屯區,,0,0,5,3979,10.67,王世勛,民主進步黨,1,N,T
臺中市,南屯區,,0,0,6,5162,13.84,張國輝,中國國民黨,1,N,
臺中市,南屯區,,0,0,7,6754,18.11,張溫鷹,民主進步黨,2,N,T
臺中市,南屯區,,0,0,8,2260,6.06,陳武雄,無,1,N,
臺中市,南屯區,,0,0,9,68,0.18,洪獻卿,無,1,N,
臺中市,南屯區,,0,0,10,4348,11.66,陳淑方,中國國民黨,2,N,
臺中市,北屯區,,0,0,1,2398,2.80,曾坤炳,民主進步黨,1,N,
臺中市,北屯區,,0,0,2,6773,7.90,藍素鈴,新黨,2,N,
臺中市,北屯區,,0,0,3,17743,20.69,盧秀燕,中國國民黨,2,N,T
臺中市,北屯區,,0,0,4,12909,15.05,賴誠吉,中國國民黨,1,N,T
臺中市,北屯區,,0,0,5,8689,10.13,王世勛,民主進步黨,1,N,T
臺中市,北屯區,,0,0,6,4169,4.86,張國輝,中國國民黨,1,N,
臺中市,北屯區,,0,0,7,13256,15.46,張溫鷹,民主進步黨,2,N,T
臺中市,北屯區,,0,0,8,14519,16.93,陳武雄,無,1,N,
臺中市,北屯區,,0,0,9,101,0.12,洪獻卿,無,1,N,
臺中市,北屯區,,0,0,10,5201,6.06,陳淑方,中國國民黨,2,N,
嘉義市,東區,,0,0,1,27077,44.44,黃永欽,中國國民黨,1,N,T
嘉義市,東區,,0,0,2,7768,12.75,吳上明,無,1,N,
嘉義市,東區,,0,0,3,24017,39.42,蔡鴻章,民主進步黨,1,N,
嘉義市,東區,,0,0,4,2065,3.39,羅錦義,無,1,N,
嘉義市,西區,,0,0,1,22284,36.69,黃永欽,中國國民黨,1,N,T
嘉義市,西區,,0,0,2,10088,16.61,吳上明,無,1,N,
嘉義市,西區,,0,0,3,25329,41.70,蔡鴻章,民主進步黨,1,N,
嘉義市,西區,,0,0,4,3042,5.01,羅錦義,無,1,N,
臺南市,東區,,0,0,1,12630,15.99,蔡介雄,民主進步黨,1,N,T
臺南市,東區,,0,0,2,346,0.44,陳香蘭,民主進步黨,2,N,
臺南市,東區,,0,0,3,4118,5.21,陳復輝,無,1,N,
臺南市,東區,,0,0,4,6757,8.55,吳仲基,中國國民黨,1,N,
臺南市,東區,,0,0,5,13021,16.49,黃昭凱,民主進步黨,1,N,
臺南市,東區,,0,0,6,20526,25.99,林南生,無,1,N,T
臺南市,東區,,0,0,7,21587,27.33,陳榮盛,中國國民黨,1,Y,T
臺南市,南區,,0,0,1,15968,22.70,蔡介雄,民主進步黨,1,N,T
臺南市,南區,,0,0,2,376,0.53,陳香蘭,民主進步黨,2,N,
臺南市,南區,,0,0,3,1913,2.72,陳復輝,無,1,N,
臺南市,南區,,0,0,4,7269,10.33,吳仲基,中國國民黨,1,N,
臺南市,南區,,0,0,5,12193,17.33,黃昭凱,民主進步黨,1,N,
臺南市,南區,,0,0,6,19613,27.88,林南生,無,1,N,T
臺南市,南區,,0,0,7,13027,18.52,陳榮盛,中國國民黨,1,Y,T
臺南市,西區,,0,0,1,6028,22.75,蔡介雄,民主進步黨,1,N,T
臺南市,西區,,0,0,2,130,0.49,陳香蘭,民主進步黨,2,N,
臺南市,西區,,0,0,3,635,2.40,陳復輝,無,1,N,
臺南市,西區,,0,0,4,3219,12.15,吳仲基,中國國民黨,1,N,
臺南市,西區,,0,0,5,4458,16.83,黃昭凱,民主進步黨,1,N,
臺南市,西區,,0,0,6,7549,28.50,林南生,無,1,N,T
臺南市,西區,,0,0,7,4473,16.88,陳榮盛,中國國民黨,1,Y,T
臺南市,北區,,0,0,1,12782,20.53,蔡介雄,民主進步黨,1,N,T
臺南市,北區,,0,0,2,366,0.59,陳香蘭,民主進步黨,2,N,
臺南市,北區,,0,0,3,1590,2.55,陳復輝,無,1,N,
臺南市,北區,,0,0,4,8861,14.23,吳仲基,中國國民黨,1,N,
臺南市,北區,,0,0,5,8857,14.23,黃昭凱,民主進步黨,1,N,
臺南市,北區,,0,0,6,20653,33.17,林南生,無,1,N,T
臺南市,北區,,0,0,7,9154,14.70,陳榮盛,中國國民黨,1,Y,T
臺南市,中區,,0,0,1,4969,18.94,蔡介雄,民主進步黨,1,N,T
臺南市,中區,,0,0,2,123,0.47,陳香蘭,民主進步黨,2,N,
臺南市,中區,,0,0,3,612,2.33,陳復輝,無,1,N,
臺南市,中區,,0,0,4,2954,11.26,吳仲基,中國國民黨,1,N,
臺南市,中區,,0,0,5,5289,20.16,黃昭凱,民主進步黨,1,N,
臺南市,中區,,0,0,6,6752,25.73,林南生,無,1,N,T
臺南市,中區,,0,0,7,5542,21.12,陳榮盛,中國國民黨,1,Y,T
臺南市,安南區,,0,0,1,13746,19.97,蔡介雄,民主進步黨,1,N,T
臺南市,安南區,,0,0,2,966,1.40,陳香蘭,民主進步黨,2,N,
臺南市,安南區,,0,0,3,1814,2.64,陳復輝,無,1,N,
臺南市,安南區,,0,0,4,13802,20.06,吳仲基,中國國民黨,1,N,
臺南市,安南區,,0,0,5,8851,12.86,黃昭凱,民主進步黨,1,N,
臺南市,安南區,,0,0,6,16543,24.04,林南生,無,1,N,T
臺南市,安南區,,0,0,7,13098,19.03,陳榮盛,中國國民黨,1,Y,T
臺南市,安平區,,0,0,1,2689,19.13,蔡介雄,民主進步黨,1,N,T
臺南市,安平區,,0,0,2,44,0.31,陳香蘭,民主進步黨,2,N,
臺南市,安平區,,0,0,3,426,3.03,陳復輝,無,1,N,
臺南市,安平區,,0,0,4,1647,11.71,吳仲基,中國國民黨,1,N,
臺南市,安平區,,0,0,5,2291,16.30,黃昭凱,民主進步黨,1,N,
臺南市,安平區,,0,0,6,4182,29.75,林南生,無,1,N,T
臺南市,安平區,,0,0,7,2780,19.77,陳榮盛,中國國民黨,1,Y,T
